60
0.718490162015 294145.936999 24
74
79 6
60 4
71 7
3 5
38 1
55 2
23 3
78 2
9 4
72 3
33 4
7 8
3 4
21 5
77 5
76 4
74 5
56 9
15 9
65 3
55 8
45 1
39 1
30 2
85 7
71 2
73 9
9 6
74 6
34 3
82 8
23 2
81 8
53 2
33 6
68 7
24 4
25 1
83 4
52 8
41 7
84 1
24 8
3 2
38 6
56 5
9 2
84 8
72 7
42 7
77 3
61 5
56 4
18 9
79 4
16 5
26 3
74 5
7 3
77 6
54 6
79 6
58 8
5 3
46 3
55 7
88 3
77 3
53 4
2 1
76 8
82 6
59 6
70 3
7.01259156745 151780.70021 5
4
37 2
40 2
37 3
65 4
5.41585482239 46929.027756 36
33
72 2
16 3
71 9
31 9
81 8
34 7
8 5
49 6
69 4
19 4
86 8
46 8
66 5
85 7
30 8
38 8
30 1
9 4
37 5
55 9
13 2
53 3
54 2
52 7
69 8
6 5
40 3
3 9
6 1
28 8
33 5
59 6
84 7
5.6104338168 92852.694234 25
6
59 7
10 7
76 7
79 1
19 2
22 2
5.94415521867 156432.181623 13
31
79 6
82 8
62 3
29 5
60 4
64 5
29 2
27 2
77 7
83 5
8 2
67 3
51 7
69 1
5 8
55 2
78 9
89 3
6 9
51 3
24 5
73 7
22 4
39 8
22 5
74 5
21 5
57 8
5 3
88 3
89 3
8.73387093174 31365.0240462 16
25
64 1
11 8
4 7
2 1
77 4
56 7
2 4
81 5
82 6
82 6
78 4
26 5
28 3
59 8
22 7
68 1
18 3
56 6
25 8
9 9
26 4
84 1
10 5
63 4
27 9
8.7960090752 46749.715491 12
50
48 1
46 1
86 3
51 9
11 9
83 4
29 1
45 8
75 1
64 5
29 4
69 6
63 6
77 1
58 3
24 6
17 7
72 2
43 3
9 7
47 5
38 9
2 7
69 4
80 4
38 3
20 2
38 9
61 9
56 4
5 1
70 9
15 6
55 5
56 1
13 5
2 7
78 1
24 6
30 4
32 7
18 2
30 7
41 4
57 1
48 8
86 7
52 1
48 1
63 3
4.07758139877 89861.9032426 43
57
14 2
78 2
73 9
83 4
7 6
84 6
66 2
41 8
15 2
18 2
72 2
4 5
74 9
71 8
82 5
87 1
84 5
1 2
23 6
43 3
32 2
44 4
21 9
27 6
66 5
38 2
61 1
59 8
77 5
88 8
23 7
62 3
61 4
59 6
7 5
7 1
44 4
46 4
21 4
71 1
20 4
88 8
55 6
48 6
77 9
24 7
11 5
77 5
28 8
4 9
1 7
18 9
40 5
83 3
76 5
61 7
70 8
9.601328685 23018.894634 47
33
57 8
76 7
35 4
87 8
32 9
9 3
40 1
62 2
10 9
17 1
61 5
22 1
5 9
7 2
86 9
75 5
76 2
85 4
73 1
68 2
54 5
78 8
46 5
28 1
56 5
33 9
2 5
6 7
37 1
48 6
87 7
38 3
17 1
1.00072185738 187740.162458 48
24
54 9
48 2
36 4
53 5
31 4
34 7
70 8
73 2
30 3
9 6
20 8
27 5
7 5
3 3
61 6
23 8
48 5
49 5
53 5
6 2
86 5
37 6
85 9
42 4
9.45786491153 43230.038138 40
93
27 2
55 1
41 6
52 1
62 1
9 2
58 6
10 6
61 6
68 7
49 5
20 2
47 9
50 6
1 3
18 4
31 1
19 2
6 4
1 5
56 9
62 9
46 7
3 7
57 6
31 8
68 6
62 8
77 6
63 1
71 9
27 3
50 8
48 1
18 1
39 3
19 9
88 9
9 2
13 5
70 3
17 6
85 3
31 9
79 1
72 1
87 6
72 3
8 4
74 4
67 4
8 1
48 5
29 7
37 5
12 2
84 3
69 1
14 5
81 8
49 9
9 2
75 5
4 8
43 6
55 4
85 4
84 9
7 3
76 7
18 9
23 6
30 9
48 4
29 5
2 8
76 2
71 3
55 1
1 1
82 9
8 8
23 9
52 3
24 6
40 1
86 8
72 1
16 7
12 8
83 9
66 9
69 7
4.57440598806 221063.472867 10
18
69 6
76 6
9 1
12 6
68 3
34 5
52 3
42 9
45 2
55 3
56 7
23 3
32 5
65 1
6 6
3 6
66 1
27 8
6.54983418431 284148.176462 28
32
29 4
58 3
76 1
83 6
45 4
80 4
17 7
13 7
46 2
61 5
10 4
24 2
33 1
4 3
82 7
39 4
9 4
28 9
56 1
18 6
43 9
10 2
9 9
34 4
68 6
71 3
21 3
73 1
64 6
36 4
27 5
53 9
4.21911092934 22656.9984248 38
16
89 6
74 4
68 1
81 4
30 2
62 2
21 3
70 5
30 4
36 8
55 1
13 1
61 5
21 8
57 6
27 8
4.9485337051 91450.9797707 45
89
24 4
74 3
70 9
1 6
48 5
44 6
56 3
29 8
35 6
33 9
3 5
44 6
35 1
27 3
4 3
7 6
38 8
87 2
85 3
15 2
30 9
32 7
75 3
67 3
46 8
30 5
39 7
55 6
34 8
62 5
30 7
69 7
70 4
76 8
28 8
80 7
75 2
37 7
11 3
41 5
85 9
23 3
65 1
17 1
37 8
52 9
78 8
15 7
74 1
16 3
82 3
55 8
34 7
65 5
54 1
4 1
84 3
84 6
25 1
4 7
78 4
81 3
19 2
19 3
69 3
38 6
80 5
31 4
87 3
23 1
47 6
17 2
22 8
18 7
67 7
39 8
28 3
24 1
66 1
23 3
14 4
50 6
57 5
42 8
62 9
80 8
43 3
34 8
26 9
0.610785715045 74538.3988403 12
40
1 2
61 1
21 4
81 8
49 1
34 5
22 9
2 4
64 3
24 6
87 9
14 3
13 1
31 7
72 4
5 9
79 8
30 1
55 1
8 6
19 6
70 3
38 5
23 2
82 6
32 6
47 8
71 6
33 8
46 1
39 8
12 2
54 8
74 8
17 3
29 5
77 2
82 5
26 9
72 1
2.37912384204 162259.487539 23
4
79 5
10 9
85 6
86 1
2.69940218331 99402.7592609 41
21
54 2
24 5
26 3
30 5
71 4
82 7
69 6
51 1
52 6
85 3
66 8
2 7
73 4
51 7
41 1
68 5
58 7
33 4
66 8
71 6
19 1
6.57787009982 202009.262327 3
73
55 8
53 1
23 5
4 7
34 7
5 5
1 4
45 9
72 2
20 1
64 4
76 1
16 3
48 1
18 4
14 3
62 2
56 5
30 1
56 3
71 4
64 4
69 4
27 7
66 4
28 3
3 9
27 8
36 5
26 1
71 7
76 6
87 3
37 8
14 7
2 2
42 3
6 7
86 5
6 2
58 9
15 8
12 8
10 9
26 9
63 3
26 3
51 1
87 2
35 6
84 9
24 8
31 9
78 2
12 1
79 2
59 8
45 9
58 4
77 2
45 1
3 1
80 5
46 9
72 8
78 5
27 6
77 6
33 8
77 3
1 7
51 2
70 9
7.56327507048 199925.691674 42
9
7 1
73 4
49 7
11 5
3 4
88 6
10 9
29 5
56 4
0.321169626358 272922.354541 19
370
36 6
31 6
46 7
20 2
56 8
81 2
45 3
80 4
84 9
46 8
13 2
59 5
18 8
43 1
13 1
17 2
77 9
68 1
61 3
23 6
44 7
8 5
41 9
23 8
22 3
82 9
57 5
46 3
85 6
1 4
43 8
86 6
19 9
6 6
26 3
64 9
45 1
24 7
26 7
24 7
50 1
87 9
88 5
50 9
4 6
69 9
47 9
20 6
11 9
5 1
41 6
72 2
21 1
24 2
45 2
50 6
9 1
40 1
79 1
31 2
89 1
59 2
60 5
4 5
58 8
54 8
14 2
24 4
2 2
71 9
89 5
74 3
53 6
79 6
72 5
6 8
56 8
40 6
54 5
77 1
30 4
85 3
6 6
59 8
70 1
29 4
37 4
75 6
4 7
28 7
10 9
54 7
32 5
31 2
9 7
48 7
23 9
88 6
48 8
60 7
25 3
87 7
70 8
79 2
71 9
69 4
74 8
45 5
54 2
44 7
24 4
50 4
28 8
25 9
71 7
51 3
50 9
81 3
10 6
62 4
70 8
26 9
88 7
34 1
88 4
63 2
18 9
20 4
88 7
80 3
16 8
36 8
77 4
89 5
75 8
81 6
50 8
63 8
57 2
56 2
79 7
77 6
19 6
20 4
66 5
24 3
13 8
62 3
26 1
34 5
53 6
3 3
34 8
27 9
3 2
61 5
86 9
9 8
65 2
72 2
89 8
76 2
2 4
46 8
71 6
69 3
1 3
63 2
26 5
72 9
65 1
49 1
53 9
12 3
88 8
26 1
19 5
20 9
15 5
57 7
18 7
80 7
29 1
74 7
29 4
10 2
79 9
69 7
78 4
11 8
72 5
20 1
41 3
70 4
83 9
83 4
14 8
84 5
29 1
23 7
61 1
55 3
67 1
67 5
29 6
17 9
65 9
53 6
14 6
28 1
81 1
40 6
86 4
18 8
29 4
47 2
23 4
57 2
50 7
3 3
81 4
52 3
79 8
6 6
78 1
32 4
60 9
60 5
82 8
25 7
54 9
31 9
29 8
8 1
31 8
79 8
47 5
64 6
1 1
32 4
20 5
5 5
6 3
68 3
7 6
20 5
23 8
77 7
20 5
1 2
51 2
38 5
32 1
53 1
38 6
29 7
79 6
73 8
83 7
85 5
83 2
27 7
9 4
3 1
59 5
40 7
29 6
8 8
51 9
23 3
54 6
20 8
1 3
61 1
46 6
11 2
86 2
31 5
34 6
18 1
16 7
86 6
65 6
24 3
49 2
86 8
84 7
68 2
88 7
14 7
26 4
19 1
8 6
4 1
27 9
60 2
88 9
22 9
89 3
20 5
84 8
88 5
38 5
50 1
6 9
67 7
89 4
18 1
41 6
68 8
73 4
46 2
16 3
53 7
65 1
24 2
30 9
77 7
83 9
8 7
69 8
5 9
49 8
79 4
72 6
51 2
52 7
64 2
25 3
10 7
20 2
34 2
85 8
49 2
88 9
2 1
80 3
12 6
69 9
89 3
23 3
21 6
53 1
11 9
74 8
58 1
34 1
85 1
13 5
28 4
8 8
70 3
81 8
7 6
73 7
19 5
60 6
19 1
53 3
9 9
33 4
23 4
83 4
69 8
24 1
21 1
15 7
56 8
79 4
58 3
2.85365748153 90297.51066 32
767
73 4
35 3
14 6
33 3
33 6
87 7
77 1
14 9
44 9
37 5
86 3
69 8
49 1
57 8
33 2
87 4
42 3
66 7
12 6
7 8
76 7
85 4
27 2
20 8
89 5
80 3
8 5
37 3
56 1
13 1
36 5
16 3
80 4
21 5
70 3
6 8
83 6
34 8
20 5
18 4
37 4
11 9
43 1
83 6
86 2
34 9
66 7
24 6
22 4
68 7
56 5
12 2
49 5
34 2
42 3
25 3
34 1
53 6
62 1
65 5
88 5
29 7
63 4
61 4
84 6
3 5
66 9
30 2
75 4
46 6
30 2
17 5
24 5
8 7
45 6
10 9
43 1
28 7
33 6
60 5
18 3
89 8
7 5
10 3
76 3
25 3
62 7
1 1
53 4
18 6
19 6
6 4
64 8
45 4
65 3
83 2
68 3
81 9
50 5
53 6
77 2
24 3
15 8
1 1
6 1
13 1
52 2
76 1
75 6
66 4
21 8
30 9
22 8
61 4
35 7
63 5
35 1
85 5
70 8
48 3
49 7
39 7
41 4
64 9
45 7
16 6
41 8
50 3
6 2
47 4
45 4
42 4
36 1
30 4
86 1
33 1
40 5
44 9
16 6
2 3
89 4
15 3
24 6
78 3
89 4
8 9
52 5
44 5
27 5
75 1
80 2
12 7
3 8
87 5
33 6
73 6
80 9
31 7
77 1
88 3
50 9
27 9
14 7
40 4
50 7
53 1
5 2
19 9
67 5
87 4
17 8
55 1
17 7
60 5
62 7
28 4
66 6
27 3
7 4
45 5
25 2
75 2
25 8
41 2
11 1
20 5
13 4
50 6
77 9
66 8
55 9
33 3
75 9
60 1
83 6
74 8
82 1
29 9
53 5
12 4
20 6
50 5
60 9
47 8
33 1
33 7
26 7
77 1
29 5
34 3
1 7
71 3
36 7
5 4
12 6
42 2
40 9
51 5
64 6
25 8
43 7
11 6
61 6
8 8
16 3
29 3
35 5
58 3
51 9
17 1
19 2
29 7
48 6
58 6
67 3
76 9
14 8
49 6
42 8
80 8
9 5
55 7
4 8
83 5
65 5
57 7
60 5
60 5
66 2
34 7
85 3
6 8
44 3
43 6
28 6
26 2
15 2
60 9
10 6
60 3
43 2
61 1
35 3
89 7
82 7
61 5
26 1
13 9
37 4
5 3
66 1
35 6
81 6
15 1
13 6
48 4
13 5
30 2
54 3
31 8
50 7
62 8
70 5
78 6
69 2
47 2
81 5
58 4
73 2
61 5
71 6
81 8
71 9
17 8
18 3
12 4
52 4
16 6
78 8
89 5
85 7
57 2
8 7
18 3
82 7
76 4
66 7
20 4
82 6
63 5
14 8
25 1
53 2
21 2
88 5
44 4
22 2
24 2
77 6
63 4
5 3
44 7
81 7
38 7
70 9
44 9
44 3
7 8
49 2
31 5
47 7
74 2
53 6
3 6
1 7
42 2
80 7
30 5
33 3
66 1
85 2
57 5
56 8
1 6
80 6
1 9
35 6
72 5
85 7
63 8
7 2
84 4
51 7
14 7
22 4
16 8
81 1
59 2
51 9
26 9
29 7
42 8
72 2
53 4
50 2
74 1
36 3
41 1
46 9
9 3
69 4
41 5
76 3
74 9
76 3
58 8
25 7
64 2
3 4
14 9
6 9
75 6
83 6
9 5
60 2
69 7
8 9
71 8
88 5
37 9
4 7
77 5
79 1
19 1
57 3
60 9
81 4
76 2
81 9
51 6
14 8
79 3
88 7
69 3
68 9
22 3
13 9
37 5
34 5
43 8
28 9
80 7
22 7
41 8
66 2
54 7
56 3
42 1
73 2
70 8
61 1
59 3
35 7
53 2
83 3
76 4
38 5
68 4
84 2
34 5
12 2
66 3
35 2
26 3
80 5
24 2
6 4
74 1
51 7
73 4
63 9
45 2
33 1
56 4
48 4
79 4
45 9
18 8
87 2
70 8
12 1
69 6
72 2
71 7
62 8
42 8
74 7
35 1
65 5
42 6
89 2
80 7
23 8
63 6
59 9
70 8
29 6
28 3
44 5
64 4
32 1
14 8
85 5
48 1
32 6
49 6
31 5
77 5
45 5
47 3
38 9
15 6
19 6
18 9
68 3
61 1
81 1
68 5
84 5
19 5
78 6
4 5
48 7
72 1
40 6
79 2
63 4
56 7
2 6
22 3
64 7
56 6
64 3
32 1
19 4
80 3
59 6
86 8
22 4
21 6
25 4
57 4
72 4
65 1
82 5
16 5
81 3
14 7
70 9
13 1
77 8
83 6
16 5
36 3
64 9
1 7
64 9
53 5
12 6
52 2
44 7
77 7
52 3
48 9
9 8
28 6
63 3
34 5
23 4
23 7
42 4
26 9
1 6
52 2
48 6
19 4
64 1
55 1
28 7
29 4
57 3
51 5
4 6
57 1
3 3
24 2
54 6
83 2
80 2
12 6
38 3
31 5
42 4
21 7
35 3
23 7
4 1
66 3
11 9
4 9
50 9
63 9
24 9
73 3
36 2
66 4
41 6
12 6
25 7
59 8
61 4
60 2
70 8
3 5
44 2
45 6
85 3
28 5
7 6
29 1
7 7
51 8
88 1
37 4
42 6
11 5
34 6
22 6
49 2
38 4
59 3
82 2
36 2
7 2
24 4
33 2
23 5
34 5
84 7
29 3
40 6
10 1
36 2
6 2
71 2
19 4
16 7
29 8
68 3
67 8
30 3
17 4
6 1
46 6
49 1
81 1
6 7
11 8
1 2
7 1
51 3
88 1
83 3
61 3
56 8
44 5
86 4
69 3
15 1
58 4
25 2
9 3
78 8
74 8
57 6
77 5
81 6
51 3
52 9
72 4
49 6
13 5
32 7
80 2
2 6
36 2
59 3
34 3
3 3
12 1
81 6
49 8
39 4
2 5
11 3
73 2
37 9
57 9
44 4
84 6
83 8
52 2
72 7
72 8
70 8
5 1
30 4
9 6
49 4
88 6
31 7
59 2
14 6
69 6
55 5
77 5
82 9
59 4
11 8
12 9
80 6
47 2
24 9
12 7
86 1
48 6
40 9
17 9
71 9
3 7
27 8
14 9
22 2
24 8
8 1
1 6
80 2
65 2
77 5
50 7
8 3
17 1
78 7
66 5
68 1
44 7
51 1
24 2
21 2
14 6
45 2
62 8
50 2
34 7
23 6
66 5
58 4
78 3
73 5
67 1
11 3
24 3
67 6
84 3
80 4
20 8
32 9
20 4
57 9
40 3
61 8
53 2
38 1
61 6
5 6
68 5
83 5
36 3
72 6
4 7
65 4
50 5
41 3
75 2
75 4
54 4
59 9
57 3
13 1
4 4
32 3
32 5
30 1
23 2
48 7
4 1
62 8
3.60255067158 178508.711486 36
772
47 1
52 2
82 1
62 6
81 7
88 4
71 7
65 8
71 3
53 5
37 5
55 8
68 1
45 1
8 7
62 8
4 2
66 2
6 6
71 8
15 4
43 8
18 1
52 3
38 9
70 2
81 8
87 1
11 7
2 4
3 9
21 7
79 8
37 5
75 4
18 5
11 7
13 4
42 3
24 7
54 5
1 5
83 5
62 7
84 9
44 6
32 9
54 1
40 2
1 9
28 9
82 3
4 3
23 3
72 9
68 9
17 5
6 5
32 7
23 3
62 5
81 2
70 8
29 4
48 3
54 1
86 5
25 1
32 9
67 3
9 9
6 8
41 9
17 9
19 6
51 3
84 9
8 8
15 8
87 4
24 7
52 2
43 8
40 4
19 8
62 9
18 3
15 9
7 6
46 3
63 1
2 9
67 5
66 8
59 4
5 2
20 8
62 3
42 4
10 3
58 7
29 6
23 9
12 4
41 7
80 1
49 1
23 5
15 7
71 8
30 1
82 5
77 2
34 7
8 1
75 7
4 7
80 4
2 2
32 9
22 1
89 4
41 4
29 4
66 5
45 6
52 5
40 2
42 5
2 2
26 9
79 5
26 1
78 7
67 1
21 4
85 9
27 5
43 7
38 4
33 6
81 5
75 7
41 4
61 5
42 9
72 9
23 2
53 4
56 3
52 4
87 9
76 6
21 5
85 3
78 4
51 9
11 4
55 7
23 5
40 1
50 8
27 6
80 5
71 7
73 6
65 3
37 5
31 2
62 6
4 8
57 3
5 7
8 8
56 3
50 9
45 7
8 5
26 5
73 4
8 8
17 1
32 3
74 1
16 3
39 6
26 3
15 1
81 2
19 4
80 8
9 2
53 8
54 3
5 2
5 5
52 9
16 8
11 5
57 3
42 3
29 1
46 8
15 5
4 2
60 3
16 9
24 5
37 2
28 3
68 2
55 4
18 3
80 8
48 9
77 1
21 1
73 7
46 8
43 6
21 2
32 8
45 2
34 8
3 4
60 7
63 1
36 3
20 3
60 3
63 1
80 8
74 4
12 5
31 8
66 6
50 8
9 4
28 9
49 2
80 2
17 8
59 7
86 6
25 5
24 4
21 7
6 4
27 2
85 4
51 3
25 6
84 3
19 2
35 4
76 4
76 2
47 7
43 4
72 3
20 5
88 1
6 6
21 1
55 5
50 5
47 2
46 5
35 1
72 4
19 7
52 8
30 6
84 2
39 1
61 3
88 1
47 6
45 8
47 8
45 8
87 7
79 6
2 5
86 9
78 6
15 9
51 7
19 2
72 6
38 4
66 1
82 1
48 4
77 3
77 6
55 5
46 7
16 9
68 9
77 1
30 3
65 7
71 9
30 1
8 1
60 7
39 2
13 4
61 4
70 2
53 6
84 4
20 6
1 9
78 7
33 3
3 2
14 9
82 9
70 3
11 2
47 8
22 6
72 3
69 2
48 2
18 6
41 5
69 4
71 7
64 5
83 1
49 5
62 2
15 5
64 7
6 3
30 4
79 8
85 7
47 6
38 7
31 2
64 6
60 7
83 8
27 7
67 7
20 6
73 8
19 9
57 5
24 7
54 9
17 2
53 9
23 8
56 4
59 9
66 9
48 4
34 9
41 9
46 1
38 8
58 9
75 5
86 9
33 8
32 2
35 6
28 3
23 5
32 3
83 6
32 5
73 3
9 3
36 6
7 9
44 1
39 5
10 6
31 9
71 2
20 2
62 5
77 7
85 3
82 5
61 1
63 5
52 9
8 1
18 9
4 5
43 5
77 5
67 8
81 6
49 3
37 7
53 8
6 1
34 5
31 4
8 5
15 6
50 1
6 8
51 3
34 6
65 5
43 1
38 2
80 3
79 4
39 5
47 6
65 4
4 7
30 7
73 1
46 6
71 9
71 1
31 2
73 4
24 3
24 1
55 4
14 1
23 8
14 4
23 6
62 3
4 2
32 4
44 8
15 1
75 7
35 4
70 7
38 7
27 6
11 7
2 9
75 1
30 5
14 1
76 1
38 1
15 7
66 2
20 4
44 9
86 4
11 4
45 8
49 9
54 5
52 9
71 7
39 8
18 1
74 4
76 1
81 1
64 4
53 2
82 4
9 6
31 1
58 7
25 8
65 6
35 4
32 7
70 2
56 7
80 7
81 3
1 9
4 1
30 9
89 3
67 6
11 7
81 5
7 2
20 5
80 8
84 5
12 1
81 2
67 5
56 5
1 2
30 2
51 9
64 8
18 8
71 3
44 8
18 3
20 6
25 4
48 6
75 3
47 5
31 6
41 5
2 6
14 2
63 3
88 1
61 2
45 7
3 8
7 3
50 2
38 4
56 3
44 6
83 1
88 6
56 9
87 7
20 1
35 9
49 1
57 4
60 5
30 1
27 2
31 6
34 7
50 7
26 9
31 1
5 2
11 8
12 8
37 7
7 2
64 3
25 3
47 6
51 6
83 6
72 2
40 8
52 8
9 1
58 4
38 5
48 2
81 5
65 3
72 2
87 8
76 4
74 8
43 3
28 4
78 1
70 2
16 4
5 5
9 4
53 4
5 8
67 7
76 8
6 5
65 1
17 3
51 4
82 6
4 3
5 4
35 7
14 7
2 8
12 7
2 4
16 3
61 4
64 2
80 2
24 2
8 7
54 6
72 6
45 6
40 3
26 2
58 6
46 9
13 6
89 4
3 7
9 1
16 5
73 1
39 6
85 5
17 8
66 5
6 2
29 3
68 1
70 8
12 8
80 9
26 2
70 1
61 5
75 4
36 1
85 1
33 1
62 9
61 4
83 6
56 1
35 1
42 9
2 9
27 6
2 2
75 7
51 1
68 4
67 9
55 2
54 8
81 5
35 9
36 6
19 4
59 6
78 3
55 6
89 8
76 7
72 7
41 9
76 4
3 3
53 7
75 5
75 8
12 1
75 1
78 5
56 7
18 9
3 4
73 6
43 8
42 1
69 8
49 2
12 8
4 6
19 2
64 7
68 8
69 9
17 4
66 8
74 8
69 6
30 7
15 7
13 3
30 5
73 5
29 8
85 2
42 3
4 5
77 1
81 9
29 5
65 4
29 5
41 3
40 2
22 9
89 2
82 8
27 3
45 7
8 2
8 2
51 8
30 9
73 5
74 3
62 5
45 9
52 9
77 4
57 5
45 1
58 4
29 6
49 4
42 7
73 8
14 5
16 2
4 6
80 2
6 8
47 5
18 4
5 3
64 1
82 9
21 3
88 3
70 6
87 9
45 6
17 4
42 8
9 2
69 7
77 3
47 3
6 5
32 5
77 3
28 8
12 9
65 7
75 7
4 3
34 3
22 5
20 8
16 9
25 7
36 1
6 3
26 9
48 3
82 8
27 6
61 6
89 3
72 6
45 3
67 3
2 7
40 2
16 6
29 3
18 7
38 4
33 5
17 9
41 9
25 5
46 5
67 2
41 6
88 8
2.28718497662 205813.954504 42
100
79 8
87 3
16 2
66 6
45 3
36 7
63 4
5 5
54 9
38 5
84 6
11 9
71 4
11 1
65 3
82 6
20 2
44 7
62 1
82 5
49 7
50 8
3 4
61 7
61 8
53 3
41 9
58 2
69 8
39 7
33 9
4 2
82 4
84 9
42 4
65 9
35 2
43 4
48 7
71 3
65 8
43 4
56 6
50 6
5 2
59 3
83 8
87 7
53 9
75 9
86 7
61 2
74 4
47 4
81 4
36 7
60 8
2 2
45 9
40 4
43 2
81 8
44 1
43 6
46 7
29 5
63 9
76 1
18 4
56 2
34 6
1 2
67 3
47 5
19 6
48 8
85 7
86 5
88 1
34 8
65 7
42 5
37 8
2 4
55 2
1 3
27 2
75 1
26 6
59 6
27 8
41 1
62 7
61 7
79 6
26 5
77 1
44 4
65 4
23 7
7.12102580451 119364.79391 26
735
61 1
49 8
15 3
31 7
13 7
23 8
67 8
62 4
16 7
85 8
46 2
71 3
23 2
13 4
85 9
14 2
2 1
64 4
89 6
53 6
20 2
19 2
5 6
64 1
52 3
35 4
5 1
80 7
86 2
19 6
79 4
89 4
43 9
83 1
4 2
78 7
3 6
40 9
53 6
33 3
6 5
61 2
53 3
30 9
30 2
24 7
51 1
76 1
88 6
83 8
65 8
51 4
76 7
47 1
8 8
52 4
53 6
26 9
16 5
81 6
5 2
74 5
60 4
59 7
11 9
5 5
77 5
19 4
23 5
51 3
54 3
11 7
77 8
8 9
44 4
20 1
58 7
87 5
32 3
56 4
24 7
50 9
40 1
19 6
26 3
64 6
7 6
17 8
65 2
35 6
36 6
65 4
79 5
85 8
11 9
4 2
18 9
55 1
58 1
61 6
82 4
62 9
27 1
40 1
80 6
67 1
7 4
36 7
28 5
60 9
2 4
66 4
68 8
24 8
47 1
79 2
15 5
59 4
4 2
3 3
39 5
22 7
16 5
40 7
21 7
72 4
64 8
59 2
69 5
80 8
69 7
71 5
61 3
76 6
23 7
22 4
78 6
72 4
36 9
40 7
86 5
89 4
39 6
12 1
57 7
23 2
81 9
61 2
42 3
39 3
76 7
42 9
56 9
68 8
85 9
1 7
57 5
63 1
83 9
55 3
41 8
47 2
57 1
47 6
86 7
51 6
1 4
35 9
7 1
3 2
21 4
75 9
74 4
27 3
32 1
27 4
43 7
64 9
4 1
81 4
2 6
18 8
24 6
23 4
19 6
40 8
31 3
14 9
72 2
40 4
53 3
23 8
59 2
26 2
25 5
18 5
51 5
53 9
76 4
36 3
5 6
81 7
52 9
68 2
24 4
79 3
14 3
2 9
5 2
35 8
69 8
84 4
51 4
6 3
22 3
15 8
62 3
61 1
73 6
89 5
57 9
35 5
50 4
47 4
19 7
88 8
63 3
34 5
87 3
69 4
14 3
21 2
78 9
64 4
32 9
46 8
39 9
52 6
87 8
85 8
41 2
46 3
16 6
21 3
88 1
33 6
48 9
73 9
30 8
15 7
43 4
76 9
26 8
37 7
20 8
70 8
3 9
66 5
12 6
18 9
84 2
86 6
69 9
76 9
31 9
77 4
62 4
83 1
46 7
81 2
83 6
51 4
81 9
42 6
69 6
38 5
24 5
50 1
56 4
28 9
5 3
48 2
87 4
3 2
55 3
12 5
22 8
70 8
15 7
20 5
12 4
9 1
29 5
82 5
9 8
34 9
59 6
7 3
39 7
73 5
13 4
86 2
10 7
16 4
75 8
34 4
87 3
88 4
50 1
15 7
22 6
27 8
70 6
2 2
19 6
61 6
8 9
1 2
40 3
50 2
56 1
68 7
50 5
39 6
79 7
38 9
7 3
59 5
47 4
28 4
17 6
9 4
25 4
3 2
31 4
24 3
72 2
20 5
60 6
26 7
89 2
7 1
87 7
7 9
11 8
23 6
37 5
87 8
57 6
43 2
83 3
58 8
45 8
64 3
39 8
57 8
36 1
17 5
12 9
58 5
22 3
88 3
39 1
27 7
29 4
81 7
55 9
6 2
17 2
23 8
22 2
30 8
52 3
37 2
13 3
46 3
59 2
63 9
18 4
88 8
8 9
35 5
21 4
75 5
65 4
75 2
37 6
27 6
75 3
8 3
40 7
17 6
80 4
44 4
26 1
72 5
43 3
12 6
48 8
13 8
88 7
6 4
67 2
12 6
38 4
47 6
40 3
85 1
3 1
53 5
48 4
64 6
78 5
24 8
13 1
53 2
72 3
81 4
20 7
88 8
47 3
62 9
54 7
13 6
71 7
87 3
62 7
43 1
24 8
83 9
53 4
81 9
33 7
27 3
69 2
63 9
14 6
88 5
86 6
47 7
3 1
51 3
24 6
85 4
10 2
67 2
29 2
58 6
17 3
71 2
62 4
71 8
78 6
11 4
72 9
77 5
11 9
52 3
63 1
42 8
23 3
88 2
87 2
71 7
32 8
20 6
61 8
61 5
73 1
27 4
68 3
1 9
52 2
85 9
89 8
23 9
84 2
25 4
22 8
34 2
45 7
82 6
32 1
8 4
61 4
51 4
68 8
68 1
22 3
48 6
80 8
48 1
62 4
29 4
64 8
18 3
11 4
89 7
40 2
13 2
61 8
7 5
32 2
39 2
21 6
79 5
68 4
30 4
30 5
71 4
25 7
86 9
37 8
60 3
60 7
39 5
61 4
21 4
3 3
5 8
43 9
3 7
60 8
85 3
59 4
67 9
82 7
15 9
18 3
20 6
15 1
32 2
30 2
37 5
45 2
88 2
37 2
15 6
15 3
50 7
52 8
12 1
25 5
3 9
1 8
9 4
52 8
67 8
49 5
54 8
88 7
85 5
56 5
16 8
83 7
53 7
76 4
54 9
26 5
20 2
15 5
35 4
72 8
3 9
61 3
42 9
19 5
42 5
18 3
29 9
71 4
61 1
11 2
49 9
67 5
67 5
49 7
5 4
34 8
2 6
47 4
14 9
2 8
55 2
67 4
6 7
77 9
13 6
84 9
52 1
88 8
73 8
50 9
20 2
53 8
48 5
58 5
51 1
50 8
43 8
44 5
10 5
2 7
46 4
44 4
58 4
8 1
63 5
82 8
79 3
67 1
79 7
36 6
25 5
66 5
45 2
73 3
34 4
70 4
89 2
1 4
86 7
28 3
46 7
24 8
46 6
50 8
15 8
57 8
36 9
36 4
73 7
79 6
81 1
57 6
86 3
74 3
69 2
64 3
20 2
26 8
80 3
42 9
31 1
67 3
29 9
42 4
26 7
60 3
77 7
25 8
36 7
73 1
88 2
44 3
57 2
18 7
41 5
58 1
77 2
71 2
19 5
54 8
54 6
25 7
48 4
25 5
8 3
51 6
16 1
62 8
74 1
77 3
9 2
44 5
25 4
55 3
86 3
61 2
1 3
88 6
74 2
49 4
60 2
35 1
5 1
16 6
8 6
81 8
49 2
68 7
41 8
41 7
75 4
22 5
55 9
17 5
9 8
72 2
83 4
73 8
36 8
48 1
24 4
79 6
59 4
44 8
86 2
79 9
73 9
10 5
61 6
10 3
5 4
13 2
51 5
31 3
33 2
89 7
68 3
74 6
38 2
41 2
51 9
18 1
3 9
59 9
78 1
76 8
72 8
80 4
43 3
23 4
26 9
8 4
8.67102286823 115564.774029 40
308
1 2
42 3
18 9
82 5
75 4
47 8
74 8
81 4
29 6
41 4
28 3
20 2
14 2
66 5
23 6
76 6
49 7
20 3
5 7
38 7
62 8
37 3
62 1
17 8
31 6
58 7
44 5
40 4
2 2
83 1
47 9
20 9
46 3
20 5
42 6
79 3
31 9
65 3
69 5
33 5
12 3
82 6
37 2
71 3
28 4
13 4
26 2
59 2
24 6
65 4
29 9
32 3
15 2
19 5
68 4
10 5
46 9
34 1
53 1
22 3
30 9
24 1
20 8
21 8
9 1
2 7
68 3
60 4
48 2
31 7
68 9
11 3
20 9
42 2
38 1
56 4
29 1
30 4
40 8
66 4
3 3
23 7
57 1
30 2
24 1
62 3
56 7
5 9
83 3
65 1
8 2
9 3
34 2
45 7
66 5
6 2
71 5
50 3
84 3
49 2
88 5
66 7
15 1
62 5
35 6
56 8
18 2
81 2
45 9
57 8
70 5
54 8
46 3
39 9
83 6
77 8
8 1
72 1
33 3
39 7
51 6
80 7
22 9
89 4
49 9
43 2
82 2
75 8
81 5
13 8
81 3
73 3
30 6
38 6
52 4
37 3
89 1
87 7
55 8
42 2
22 2
9 4
22 9
19 1
2 1
6 2
76 8
52 4
63 1
49 2
12 7
27 8
11 9
28 6
33 9
86 4
27 9
47 1
79 1
38 1
41 3
23 9
25 6
74 2
3 7
10 9
48 5
3 9
43 7
80 2
74 5
15 1
29 3
47 5
72 6
53 5
38 3
8 2
64 6
88 7
44 6
17 6
80 9
38 5
52 6
80 9
23 2
89 5
82 8
88 2
45 2
75 6
40 6
79 5
3 9
42 7
51 1
19 1
44 5
58 2
64 7
65 7
33 8
57 9
43 3
28 1
25 8
81 1
8 3
24 3
12 2
8 6
71 8
24 2
42 2
74 3
29 9
86 9
65 7
78 5
10 9
65 6
43 5
75 6
47 6
40 8
70 3
28 8
63 3
3 1
5 8
11 6
88 7
60 4
51 1
51 8
39 2
88 8
3 9
48 9
1 2
39 5
45 9
80 6
82 5
39 2
63 9
29 2
25 8
25 9
43 9
60 6
33 6
6 4
19 1
19 9
61 9
21 1
36 9
77 2
54 1
87 9
19 4
12 9
10 1
22 2
72 2
71 6
38 1
86 3
66 7
11 2
23 6
47 8
6 3
66 9
9 2
62 7
83 5
13 4
31 4
41 2
74 5
74 4
86 8
88 4
88 6
8 2
85 3
62 5
9 7
35 7
22 6
42 4
6 2
46 2
73 1
6 4
5 2
62 5
79 6
36 8
57 7
5 6
8 2
3 6
37 7
25 9
2.78670061766 30149.1598307 2
475
36 9
36 9
70 4
83 9
43 2
72 9
59 6
81 9
81 6
12 9
89 4
62 9
68 5
44 6
12 7
78 7
32 4
32 5
77 5
18 4
83 2
35 2
72 6
61 6
30 7
31 5
65 7
55 6
35 1
5 2
73 5
4 3
67 2
84 3
17 8
87 8
81 6
43 5
56 8
86 8
74 8
44 4
86 4
47 4
50 9
54 3
50 1
43 6
55 4
4 4
65 9
76 3
45 7
50 6
60 5
12 3
58 6
40 4
87 2
20 6
15 6
47 8
47 2
28 9
30 8
33 7
9 1
44 4
13 5
74 3
84 1
56 2
14 8
71 3
54 5
66 5
4 2
50 1
54 5
62 4
75 6
10 6
29 5
13 7
17 5
34 1
20 3
47 3
37 2
54 6
82 1
88 6
85 2
64 4
46 7
25 3
54 5
31 5
39 2
11 1
63 5
37 7
3 3
47 1
83 4
34 3
47 5
19 1
41 9
18 3
83 9
1 7
36 6
21 6
27 4
38 1
14 2
87 3
78 3
66 3
24 2
47 1
51 7
83 5
68 3
49 3
45 6
69 8
83 9
11 1
46 8
18 9
16 1
48 1
73 3
46 3
84 1
65 3
14 3
5 4
81 5
81 5
33 3
46 3
86 1
56 5
52 2
4 1
59 2
41 8
81 7
69 4
88 4
65 6
42 6
77 5
81 3
57 4
64 3
79 1
11 9
89 9
63 2
79 2
78 4
44 8
56 9
77 2
63 5
83 8
44 2
45 1
85 6
47 8
23 8
58 3
43 3
27 8
22 4
34 5
2 9
8 6
76 2
55 2
78 9
68 9
75 5
4 9
17 3
13 6
72 9
15 9
20 4
72 2
54 3
38 5
73 6
81 3
56 4
4 2
47 2
40 1
33 6
40 3
64 7
36 6
63 5
7 9
20 7
39 2
8 3
42 5
88 6
6 2
4 7
31 2
58 2
70 8
25 4
39 5
6 9
29 3
45 6
52 5
37 4
1 5
58 3
29 4
47 7
6 6
66 8
3 2
22 3
6 5
69 9
22 9
57 9
69 4
63 6
39 1
73 6
80 1
82 8
10 4
41 8
11 7
23 8
47 9
28 4
68 7
26 3
26 7
43 6
79 1
3 8
73 7
36 5
43 9
5 4
51 3
36 9
20 2
23 5
61 8
60 6
3 5
89 5
26 9
48 3
82 1
19 2
25 9
75 1
32 1
88 3
76 6
76 6
82 5
72 3
10 3
27 5
26 7
18 5
73 2
41 1
9 3
72 4
4 7
56 2
25 1
35 2
49 2
18 2
18 2
79 6
50 5
17 3
39 3
29 1
53 9
88 4
71 9
51 7
42 1
37 3
14 4
37 8
63 2
29 9
4 1
23 8
73 4
1 1
30 7
10 7
39 3
45 6
3 7
14 8
16 7
82 7
58 5
30 2
15 3
43 9
63 3
45 8
12 3
63 9
84 9
18 4
39 3
13 4
68 7
7 3
34 3
48 4
53 4
2 7
77 3
1 3
33 2
21 8
5 5
72 6
68 8
1 4
71 5
56 1
71 9
1 5
68 1
17 8
7 9
31 6
63 4
58 3
28 1
36 7
4 2
44 9
9 4
52 1
61 5
52 4
47 4
88 9
60 5
64 2
55 6
80 2
55 7
31 6
38 9
28 1
15 2
26 4
15 9
1 7
53 7
16 6
72 5
21 7
71 5
75 6
68 4
56 3
61 8
17 1
16 5
54 5
26 3
29 6
49 2
45 2
16 8
86 2
66 4
67 8
7 8
54 3
80 8
6 6
30 3
13 8
74 2
40 2
68 4
71 2
73 7
59 4
60 3
42 9
53 2
12 3
62 9
10 5
20 5
83 7
8 9
13 6
24 8
5 6
70 7
26 8
61 9
42 2
82 4
88 4
29 2
58 2
34 1
73 2
87 8
72 4
17 2
41 7
55 3
21 1
11 7
73 6
21 7
50 7
19 2
29 4
51 6
74 5
80 2
75 3
33 5
10 6
1 1
47 7
66 3
78 9
26 9
44 7
73 9
88 7
1 8
19 2
37 9
12 6
45 2
51 5
76 4
85 2
59 7
58 4
65 7
5 1
31 1
82 2
52 9
25 9
5.39534518568 145487.10693 24
737
58 7
67 5
25 9
56 2
45 6
13 2
74 7
70 8
10 4
51 1
16 5
37 3
50 2
17 3
78 8
74 6
67 2
40 1
22 5
65 1
48 2
1 8
42 8
10 3
4 5
20 8
4 3
88 5
9 5
39 8
14 6
61 7
26 8
32 6
37 9
49 4
11 4
63 3
48 6
21 1
86 8
22 3
16 3
85 1
64 1
83 4
46 1
29 6
40 4
8 8
83 7
1 4
50 4
82 4
32 2
13 9
48 1
28 5
31 3
88 2
43 8
89 2
32 6
73 7
22 6
20 5
38 9
7 9
5 3
82 9
39 9
22 4
38 4
83 9
81 7
57 1
50 9
32 6
48 8
64 2
60 8
5 1
52 2
60 4
72 7
70 5
31 6
29 3
17 9
57 3
26 7
67 7
64 6
39 5
59 3
2 2
20 2
53 6
72 8
3 1
37 7
34 1
87 2
42 6
30 5
47 6
1 4
20 6
23 6
60 5
6 8
66 1
83 5
32 6
12 8
33 1
25 4
82 3
24 2
83 9
33 4
60 7
84 2
60 3
34 8
68 4
54 1
11 9
25 5
78 7
30 2
84 5
81 6
37 9
23 8
88 1
12 7
26 5
12 2
31 5
27 5
33 4
22 4
8 6
20 2
12 7
22 3
26 2
49 6
52 7
8 4
75 4
13 7
8 5
21 9
86 2
89 2
40 9
11 9
4 8
46 7
57 9
51 3
16 7
33 5
27 8
33 3
57 3
73 7
84 8
67 3
80 8
31 4
31 8
8 6
58 7
33 2
20 6
26 2
11 7
75 8
86 9
28 6
88 1
78 6
53 5
45 6
60 1
13 1
55 9
49 8
17 9
81 6
36 3
56 2
32 3
18 9
49 9
9 4
17 6
18 4
25 9
74 3
23 1
54 6
27 1
41 9
44 3
1 7
7 5
30 4
40 5
5 9
13 9
3 1
50 3
83 8
37 5
28 2
75 6
39 1
39 6
31 6
69 5
36 2
9 2
55 8
24 3
49 1
32 3
50 9
49 7
58 6
63 5
37 6
75 6
81 9
38 4
46 6
9 7
5 1
15 3
45 6
45 7
12 4
72 6
75 8
62 2
53 6
28 1
20 3
5 7
45 3
47 3
3 9
55 5
57 4
32 1
23 8
82 2
66 1
45 4
73 5
70 2
68 8
6 3
52 8
29 2
82 2
16 2
26 6
73 2
26 4
40 7
2 5
31 4
34 2
41 4
33 3
62 3
13 1
75 2
21 9
5 4
24 7
6 9
2 6
31 5
42 1
14 5
74 2
80 3
26 4
36 6
75 8
10 4
76 3
37 8
34 3
51 7
13 8
46 8
62 8
86 2
59 9
18 5
70 3
57 4
51 8
75 4
74 1
61 4
6 9
78 1
66 3
10 4
12 1
47 6
32 8
72 5
5 5
71 8
81 6
62 5
10 4
43 1
47 6
75 5
31 2
18 5
10 7
13 5
56 7
17 6
86 5
54 3
56 5
31 8
12 7
41 2
54 5
5 6
45 6
23 1
61 4
66 8
39 3
61 9
32 3
18 9
26 7
62 2
66 8
86 6
53 7
39 8
25 1
58 1
82 5
69 2
81 5
50 2
70 6
13 1
44 6
2 2
28 9
39 5
36 1
22 1
16 4
38 9
14 7
78 9
73 8
84 5
12 9
19 3
75 6
74 3
75 8
32 8
14 2
89 6
33 2
41 3
76 1
83 8
76 5
3 1
11 3
25 8
43 2
11 2
38 4
79 4
24 1
17 6
34 9
85 4
80 4
26 8
76 4
15 5
4 8
60 7
58 6
3 9
26 3
66 8
55 3
72 5
72 5
12 2
13 6
3 9
60 5
86 5
85 7
43 2
60 6
65 3
65 3
16 1
46 9
53 3
66 3
8 5
62 4
50 6
9 9
5 4
71 6
87 3
18 5
81 8
62 6
76 3
60 9
46 3
54 7
31 5
80 5
15 3
59 2
28 9
43 2
12 3
64 4
70 4
67 9
71 2
76 2
34 9
66 1
5 9
33 8
75 5
2 8
41 4
66 8
63 5
46 2
40 3
54 9
52 5
86 6
51 2
88 6
15 9
19 9
59 5
85 2
59 8
75 2
70 2
63 9
8 6
38 6
32 1
84 9
5 7
42 3
52 5
3 6
5 8
74 1
32 3
3 8
47 5
37 3
29 3
83 4
60 5
4 9
31 7
55 4
56 1
60 8
71 7
8 4
63 9
28 4
73 3
87 4
49 6
55 9
46 5
71 7
89 9
84 7
55 1
19 5
62 2
75 6
23 3
59 7
81 1
43 7
35 9
80 5
69 3
55 9
29 7
88 7
77 7
72 6
43 2
86 2
86 7
21 2
6 1
23 6
14 8
61 8
16 6
59 4
29 1
45 6
37 4
51 9
25 7
61 1
44 6
85 4
44 1
64 5
27 4
72 8
31 4
40 6
26 6
61 5
26 2
71 1
8 4
74 6
1 9
80 6
49 7
54 3
50 4
68 6
80 8
35 2
64 7
13 8
18 7
16 6
64 1
2 3
44 4
22 9
29 8
55 4
73 1
54 4
44 3
6 6
83 8
55 4
77 8
18 6
77 4
57 3
55 2
22 3
18 1
73 4
68 2
59 5
3 4
32 4
73 4
51 9
52 7
35 9
56 3
6 6
19 7
19 6
30 9
4 3
15 7
40 4
8 2
67 5
9 1
29 7
34 1
54 2
18 5
78 6
8 7
64 6
70 9
82 2
30 9
52 3
25 5
28 1
64 1
54 3
78 7
46 8
18 4
10 1
54 1
47 8
45 8
39 7
78 8
44 8
84 7
86 8
83 6
86 2
70 4
45 5
40 3
33 7
37 5
6 4
75 2
10 8
2 4
48 1
84 7
20 2
13 6
4 5
35 3
17 1
25 9
67 7
29 9
49 5
40 5
86 5
35 8
61 4
68 8
16 5
10 2
68 9
37 9
66 9
75 8
4 5
16 9
19 3
74 6
62 5
52 6
46 8
29 5
84 3
45 1
4 5
37 9
3 8
39 8
43 4
88 3
12 5
60 9
25 1
69 2
16 3
69 5
51 9
4 4
57 5
82 1
14 4
65 4
87 3
74 8
63 3
38 2
81 3
66 7
78 8
77 4
55 7
40 3
81 2
85 9
46 5
48 2
43 1
87 3
42 1
28 1
27 4
9 2
30 2
63 5
21 3
42 6
29 3
17 7
35 9
63 4
42 9
47 9
73 6
34 3
89 1
44 8
66 9
18 1
56 1
55 7
61 4
31 9
50 2
4.66108933702 214950.087731 38
370
18 8
84 1
88 3
51 3
86 9
43 3
57 1
56 9
48 9
27 2
58 1
61 4
41 4
50 1
61 7
83 7
70 3
19 2
58 3
40 6
25 4
21 9
37 8
42 2
24 3
86 2
80 5
40 3
76 5
63 8
39 9
77 3
15 1
28 8
27 4
31 8
87 5
88 1
11 6
80 5
8 3
87 1
53 6
74 8
16 1
2 4
64 8
87 4
44 5
78 7
49 7
32 4
45 9
3 1
45 3
17 9
10 6
70 3
77 8
71 2
87 9
44 5
47 5
62 7
6 1
6 3
72 7
87 9
79 5
6 2
20 1
1 4
39 8
51 5
50 3
33 4
36 2
78 2
50 4
76 1
22 4
16 1
44 6
46 1
48 6
57 3
49 9
34 6
81 9
6 6
22 1
43 7
9 9
87 2
17 6
36 1
46 4
87 7
80 1
77 2
28 2
65 6
17 7
76 4
84 5
30 4
8 3
52 6
22 8
69 2
54 1
77 4
56 4
87 5
14 8
5 8
86 3
37 9
56 4
47 1
61 6
81 3
49 1
2 6
16 7
75 6
64 5
23 8
3 6
68 8
53 3
14 4
57 2
60 5
73 7
14 9
19 5
7 1
23 9
11 1
40 1
48 9
67 9
83 7
47 3
36 5
28 1
63 2
61 7
4 4
28 7
55 8
11 7
72 9
82 6
31 4
59 2
56 7
29 1
34 2
41 4
31 8
17 9
12 7
26 2
71 3
5 1
36 2
75 3
30 5
55 9
84 6
89 6
45 1
63 3
86 5
3 4
46 3
77 8
70 1
1 1
21 3
18 5
24 6
68 2
1 7
73 6
49 3
68 1
26 6
12 1
65 8
17 8
16 5
51 8
63 8
1 2
61 4
25 8
86 1
70 8
36 1
58 3
17 6
79 4
66 3
10 1
84 7
11 9
2 8
65 1
30 6
8 8
29 2
33 6
74 3
79 8
33 7
32 9
2 5
36 6
68 5
53 4
4 5
61 7
77 8
60 2
46 6
45 4
16 2
71 9
6 4
68 5
72 8
23 6
4 7
46 7
32 7
38 7
87 4
30 5
43 1
35 6
32 8
49 1
33 1
76 9
33 7
88 7
28 2
68 5
45 5
7 9
34 1
59 6
73 9
86 3
85 6
69 8
25 6
82 4
60 9
40 3
19 5
2 1
47 9
84 3
42 7
72 5
64 3
77 3
59 7
43 8
40 9
89 9
63 4
60 5
47 9
76 5
14 2
79 8
12 4
42 8
18 7
45 7
49 3
80 4
34 9
61 1
85 2
89 1
67 6
72 4
22 4
5 2
1 4
69 4
42 6
30 9
25 4
35 9
73 9
22 4
71 3
15 7
56 8
5 9
50 5
2 5
89 5
55 3
28 3
41 3
4 9
31 5
28 7
6 8
52 5
84 1
1 2
89 8
9 3
48 9
47 4
51 3
46 6
23 1
11 2
69 1
39 9
23 1
38 1
63 3
27 4
15 4
80 8
20 9
19 1
86 3
75 7
29 7
77 7
16 5
38 8
14 2
13 2
10 9
30 6
28 8
15 3
22 8
15 4
78 6
12 6
30 3
72 4
11 2
44 6
67 4
10 8
31 9
53 8
78 3
52 6
22 3
49 8
73 2
75 6
41 8
43 2
2.96695641693 196992.782787 15
687
61 6
69 6
16 7
39 8
9 6
29 2
57 3
35 5
77 3
26 6
37 3
80 8
27 5
22 5
37 3
25 7
63 4
58 2
23 7
9 4
31 3
50 6
7 4
88 7
54 4
36 6
70 1
15 5
40 7
23 7
4 6
70 2
43 5
46 1
12 1
43 1
32 2
14 4
85 2
42 7
84 1
7 4
1 6
61 9
40 5
18 2
31 2
68 4
18 7
25 6
38 3
80 3
36 8
7 2
15 4
18 5
9 9
39 7
55 1
41 5
65 4
69 3
61 5
47 3
72 3
31 2
58 5
64 8
58 4
14 2
12 8
39 5
39 4
51 4
2 2
41 4
55 2
41 7
71 1
80 3
84 3
25 2
29 4
87 8
53 2
83 1
88 8
4 5
48 1
86 6
25 8
61 9
62 3
27 6
14 9
87 7
31 7
6 4
2 1
33 7
21 6
69 3
21 2
11 1
74 5
60 2
14 6
75 4
26 9
24 6
22 2
34 9
76 6
79 6
19 8
15 3
49 8
76 1
45 3
60 5
88 9
81 2
73 6
38 5
79 5
87 3
28 8
60 1
62 6
61 9
66 3
76 1
71 1
12 5
71 5
9 2
20 4
22 3
15 4
36 7
2 5
35 6
62 5
35 3
59 2
23 8
88 4
84 2
23 2
63 2
59 8
43 8
54 1
82 4
22 4
87 2
62 3
5 7
81 9
51 5
83 1
48 3
4 7
27 7
57 1
29 1
64 4
17 3
27 9
18 9
70 4
59 7
26 2
25 3
32 7
82 2
21 6
3 9
14 4
55 3
56 7
3 2
7 6
27 6
5 8
55 7
4 6
76 4
82 8
56 9
53 3
44 7
10 3
44 8
76 1
49 1
64 7
13 1
51 8
67 1
47 8
37 5
44 8
19 9
71 1
61 8
19 8
11 2
5 6
46 3
57 3
36 1
82 7
20 7
62 6
89 9
11 2
60 9
68 8
53 8
16 8
18 1
35 3
39 1
26 5
24 9
49 6
37 1
41 5
38 2
10 1
20 7
10 5
12 1
58 7
8 5
25 2
79 4
25 9
61 9
39 5
49 3
26 3
58 7
22 4
76 4
2 3
16 7
83 1
47 9
3 6
88 3
17 8
77 7
5 9
49 4
48 3
11 9
84 1
33 7
40 8
39 1
52 4
55 1
50 6
9 3
81 1
29 6
33 1
37 5
54 2
40 3
41 3
23 4
80 4
49 5
8 3
48 1
65 6
3 6
48 9
9 3
21 5
60 7
87 6
81 3
1 5
1 2
47 8
50 6
68 6
20 7
59 5
16 1
15 6
68 6
2 4
14 2
41 4
23 5
61 7
65 1
4 8
34 3
56 3
13 6
50 5
5 8
27 5
65 9
21 9
63 5
82 9
37 8
55 6
81 8
13 6
70 8
28 3
88 2
73 1
83 4
47 7
56 2
62 7
24 5
81 9
54 6
50 4
63 6
52 1
52 1
85 3
78 8
57 1
69 8
54 2
12 4
12 7
4 3
6 6
48 5
23 9
84 5
44 2
55 7
30 8
12 9
60 8
30 9
57 8
54 6
36 6
64 8
66 5
65 5
67 8
43 8
41 1
19 1
53 5
72 9
3 4
12 8
78 9
32 8
18 2
70 4
73 4
12 1
55 3
35 7
78 2
43 8
60 2
63 6
8 8
66 6
79 1
65 5
34 3
13 2
57 3
4 9
35 4
3 5
46 7
55 9
78 8
7 9
53 6
83 8
32 5
11 6
47 4
82 9
82 6
45 3
5 1
14 4
30 3
16 7
73 9
37 4
85 4
35 3
30 8
14 7
67 2
42 8
55 8
33 9
67 2
16 2
6 3
68 8
62 9
53 2
56 3
67 9
18 3
63 9
35 4
25 6
28 9
73 7
17 8
68 7
2 6
34 4
24 5
34 5
79 8
86 2
79 3
72 1
22 4
8 2
23 7
22 1
2 3
72 8
62 6
3 7
34 8
74 4
37 1
31 3
40 8
73 8
59 3
53 8
48 3
30 5
26 2
13 1
3 8
33 4
11 7
3 5
83 4
7 4
2 3
56 9
41 6
23 6
17 9
21 1
81 5
78 4
80 2
44 6
42 7
81 9
21 2
73 8
4 2
61 4
42 1
81 2
62 1
67 8
17 2
28 6
63 6
68 7
69 8
83 1
18 5
61 5
65 1
77 2
61 3
23 7
12 9
55 6
51 7
55 5
20 9
22 1
43 5
84 3
52 8
57 5
18 9
14 8
63 2
50 7
13 1
70 4
66 5
33 1
42 7
68 2
17 5
23 9
87 8
75 6
59 6
31 6
49 6
49 3
23 9
39 4
9 9
46 4
44 5
23 4
73 3
73 6
77 6
72 7
84 2
52 4
40 1
89 8
41 3
68 7
74 3
34 5
49 6
19 2
21 4
84 1
19 9
6 8
59 7
73 9
6 8
10 4
71 4
55 5
68 8
80 5
28 9
68 1
45 4
31 5
49 1
87 9
43 1
9 8
47 8
60 2
83 5
39 1
53 6
33 5
5 1
73 6
55 3
52 3
24 8
67 7
71 3
55 5
69 2
4 2
79 5
53 4
9 2
1 3
87 1
41 9
40 9
50 7
30 9
52 9
59 7
76 2
41 5
45 2
3 6
56 3
86 9
32 8
65 8
9 1
41 8
60 9
30 7
83 6
56 4
80 5
24 1
37 2
31 2
40 4
8 6
68 5
42 7
57 5
76 3
62 4
41 9
15 5
9 2
78 9
31 6
83 5
89 3
5 7
36 6
24 5
62 7
89 7
89 3
10 8
55 4
1 4
86 2
41 9
2 3
10 7
25 9
25 9
56 8
33 9
42 3
72 2
62 7
20 6
3 2
10 9
23 5
31 3
29 9
89 4
28 1
33 8
16 2
44 4
16 8
71 4
58 6
84 5
67 1
66 2
14 3
2 7
67 3
7 3
22 2
52 2
30 6
79 3
78 9
30 9
68 8
20 1
50 7
12 5
19 4
51 2
85 8
59 9
39 4
75 8
36 6
68 6
5 6
27 6
48 4
47 1
3 3
85 4
50 1
3.27301816857 109976.944797 40
943
39 6
66 3
29 6
76 2
18 4
50 3
46 5
51 1
50 8
44 3
33 9
38 3
26 7
38 9
35 2
48 9
29 4
57 6
70 3
53 1
58 9
64 1
9 8
84 8
4 4
30 7
59 4
26 6
31 4
66 8
40 5
60 2
86 3
15 5
6 4
43 4
36 6
16 8
58 8
20 2
42 7
69 1
64 6
21 5
45 7
73 9
15 9
29 1
75 9
18 1
88 3
57 2
18 6
70 1
38 4
45 1
14 7
10 4
80 8
76 1
37 8
37 8
57 4
34 6
88 9
69 9
84 4
11 4
69 5
50 5
59 5
15 5
61 8
3 4
61 7
38 7
47 6
19 6
40 8
2 6
3 3
53 4
77 3
41 6
4 9
59 3
14 1
76 6
58 1
26 3
9 6
26 8
79 3
23 5
38 8
43 8
51 7
79 6
39 9
63 4
39 6
58 3
27 3
79 6
75 7
34 1
47 8
59 5
68 5
3 5
78 5
80 9
76 7
50 6
65 6
71 6
75 9
35 9
56 6
18 8
7 8
32 4
65 2
18 7
7 3
46 2
8 5
50 3
10 7
50 6
61 3
25 1
18 6
65 3
41 2
17 8
16 8
74 8
89 9
16 7
9 7
17 6
12 7
15 9
32 1
55 5
69 1
48 2
5 4
7 1
22 3
46 6
58 4
40 4
28 6
38 9
11 4
85 3
28 2
33 7
71 4
30 5
73 4
6 9
70 2
81 1
10 4
21 6
52 4
88 5
72 9
7 8
62 3
27 3
1 5
73 5
50 8
86 3
59 4
18 4
43 2
23 5
65 9
16 7
83 1
19 1
42 3
18 8
37 9
76 1
66 1
76 3
70 6
71 2
81 2
4 5
30 2
33 2
89 7
63 3
74 7
76 8
66 1
53 5
19 9
21 3
51 5
83 2
22 2
68 2
89 7
5 7
68 5
12 4
49 5
2 8
50 4
52 5
68 9
68 3
44 6
63 8
42 3
86 3
64 6
53 6
16 5
64 1
10 3
15 2
23 3
54 8
79 1
38 1
46 7
63 6
25 4
80 3
52 5
28 7
68 7
27 7
73 6
73 3
48 9
42 3
18 2
59 1
73 2
82 4
12 7
84 3
51 5
21 3
52 4
64 4
80 9
48 2
33 2
37 2
32 3
45 8
61 9
67 1
63 1
39 5
54 4
37 7
47 4
53 6
74 5
60 3
47 3
25 5
58 8
36 6
76 2
30 3
66 1
8 1
53 1
70 4
38 5
76 6
15 7
80 7
24 4
23 6
64 7
18 8
6 6
40 5
62 6
71 9
35 8
46 5
57 4
37 4
38 7
19 7
25 1
43 5
49 4
78 7
13 6
43 9
67 2
44 8
86 7
27 5
5 9
45 5
19 4
4 2
42 5
78 1
86 4
84 8
70 1
11 3
39 1
73 5
51 3
46 1
67 4
9 4
73 1
76 9
55 9
63 5
81 8
50 1
31 3
47 5
24 4
4 5
23 8
69 1
16 2
62 5
5 7
78 3
43 4
74 3
50 6
69 1
53 7
6 1
80 6
62 5
33 8
80 4
89 7
33 8
26 1
44 8
11 1
45 8
68 6
77 4
34 8
89 1
58 6
49 8
63 8
11 9
24 5
80 3
82 9
32 8
79 6
12 1
39 2
46 8
81 3
82 3
67 4
65 9
33 6
49 1
55 3
48 3
54 7
56 4
74 2
30 1
82 4
28 6
56 6
17 7
13 4
3 6
72 5
67 9
8 3
54 8
63 1
80 8
3 4
62 6
74 7
70 3
76 6
33 8
31 8
86 2
37 9
56 9
5 9
48 5
3 2
52 1
45 8
35 2
46 8
79 8
87 2
84 3
52 4
42 5
15 3
69 1
54 2
62 6
64 4
62 9
25 6
71 3
53 9
88 8
70 3
77 2
65 7
78 8
55 5
46 8
65 6
26 4
40 6
72 1
62 3
19 4
53 6
40 8
73 6
44 6
54 7
23 6
58 5
45 1
18 9
63 4
11 9
85 9
87 4
26 3
89 5
48 3
22 5
87 2
27 5
62 3
45 7
32 8
49 5
86 9
40 5
38 2
56 9
4 5
43 4
80 2
25 8
32 5
4 5
22 6
89 4
12 6
6 7
87 3
17 8
64 9
12 6
18 1
30 6
65 9
31 9
82 2
81 6
27 7
39 5
80 7
10 1
56 2
89 1
78 7
62 3
17 6
1 9
1 2
76 2
54 3
20 7
5 1
80 9
88 7
83 9
72 7
63 4
71 3
56 8
3 4
20 1
8 9
1 6
27 9
10 6
12 7
77 6
63 4
57 1
51 9
57 2
65 5
53 2
66 7
56 2
36 5
59 2
21 6
44 6
34 5
10 4
15 7
88 3
85 1
66 6
86 2
16 9
29 3
10 3
11 5
68 8
17 7
12 2
19 6
65 7
83 1
71 3
50 2
84 1
74 8
14 7
29 2
58 9
16 9
11 8
28 7
29 4
87 4
29 7
77 6
85 4
66 7
22 6
47 9
81 2
15 2
73 7
26 1
83 3
21 3
1 3
74 4
76 4
65 8
81 7
64 9
10 4
10 5
9 5
3 4
45 4
34 6
11 3
25 3
34 2
77 5
50 9
63 8
81 6
19 1
68 6
33 6
26 9
40 3
19 7
1 2
56 6
36 6
85 6
9 4
83 7
20 3
40 1
56 5
4 6
8 2
27 6
7 4
71 2
66 6
68 5
42 5
44 3
55 6
59 7
5 9
28 2
68 4
84 5
80 1
79 4
6 9
65 3
25 9
31 4
57 4
55 2
69 7
52 6
79 9
5 6
35 2
86 4
9 6
5 3
48 7
47 6
22 5
11 8
30 4
23 1
42 3
6 1
78 2
68 8
81 6
29 3
67 6
11 3
21 3
56 4
83 8
34 5
32 7
33 2
1 8
9 9
15 7
42 5
41 2
39 3
75 4
18 6
34 8
48 8
52 5
49 1
45 4
61 6
19 9
59 2
87 3
21 9
69 6
48 7
33 7
50 5
43 1
12 4
15 1
50 1
47 4
48 2
83 5
29 1
3 6
25 1
66 1
28 5
15 8
45 4
39 2
41 7
8 3
15 7
80 6
14 5
41 9
44 2
63 4
50 4
36 8
70 9
70 3
61 4
65 1
76 4
50 5
47 1
62 7
35 3
6 6
26 4
51 8
47 6
88 6
76 3
6 7
86 4
9 3
9 5
83 2
89 8
51 5
23 5
71 5
32 8
64 1
54 8
71 5
47 5
44 8
26 5
52 6
79 3
34 6
51 8
4 3
33 5
3 5
26 7
15 8
5 8
70 4
84 6
28 9
77 3
33 8
40 5
79 2
64 6
80 3
48 4
68 6
58 9
1 7
56 7
44 4
59 1
77 1
35 3
59 3
78 5
45 7
44 9
50 9
48 2
19 6
12 2
6 6
82 8
5 3
48 4
42 5
6 2
86 7
30 9
6 1
84 9
25 8
53 8
56 4
65 8
17 5
88 6
2 4
53 2
38 6
75 6
11 7
61 2
78 7
4 7
86 6
36 4
42 2
47 9
24 7
58 6
3 1
20 8
73 6
23 5
6 1
60 5
17 2
78 5
21 7
16 8
61 6
20 6
57 3
44 5
21 5
11 7
67 7
37 9
20 1
66 2
36 7
87 2
46 2
18 2
76 9
4 4
57 5
86 3
31 9
43 5
56 1
23 4
10 4
14 7
67 9
25 1
7 7
5 4
29 3
86 1
38 6
11 8
63 1
50 1
13 6
19 9
36 7
51 2
40 4
9 2
27 8
79 7
40 9
12 7
59 6
33 3
41 1
30 7
75 2
41 3
88 5
7 8
71 7
72 4
6 2
68 3
19 1
59 9
60 2
35 4
33 8
67 2
66 5
42 4
23 4
40 3
88 1
59 6
24 5
75 3
69 1
9 9
58 7
55 8
82 3
58 1
8 6
39 3
8 1
27 7
22 8
5 1
67 2
32 4
68 5
71 5
9 1
27 5
20 5
47 6
10 6
86 1
52 9
42 5
56 8
51 8
82 6
80 6
54 9
89 9
81 7
69 1
79 2
3 6
67 1
15 5
85 5
66 6
45 5
2 3
35 2
13 6
73 1
2 2
13 6
81 1
80 8
40 4
42 2
75 6
61 9
6 2
69 4
52 8
73 7
39 5
51 9
36 1
66 9
65 3
57 9
71 2
1.87737700215 36751.9601536 28
118
86 7
23 5
72 3
76 3
82 2
51 7
79 8
60 8
63 9
45 4
53 7
9 6
26 7
46 3
87 2
89 7
69 3
40 3
88 2
70 8
62 8
81 8
34 4
37 5
43 7
88 6
57 4
22 7
51 8
38 3
69 5
33 3
44 8
71 4
38 3
5 4
61 2
15 4
61 6
47 6
83 5
52 9
80 2
29 7
60 6
55 1
21 4
29 1
51 6
21 9
35 2
26 4
1 3
10 4
84 6
12 5
86 5
64 6
73 7
82 6
74 1
9 3
70 6
51 1
67 8
70 9
61 9
87 3
31 8
54 7
82 7
54 4
45 8
79 6
49 7
70 5
32 4
14 2
86 9
86 9
68 5
85 2
58 5
24 8
37 7
87 8
25 3
67 9
36 5
40 6
9 6
89 8
36 8
89 1
86 7
74 7
60 4
2 7
7 8
37 4
44 9
72 8
67 6
34 6
43 8
22 9
52 3
27 8
23 3
21 8
8 6
34 6
65 5
42 9
3 3
13 5
32 3
65 1
1.57326978713 138050.321455 6
863
40 7
1 1
70 5
7 7
36 5
26 8
15 3
11 7
75 8
37 9
45 9
71 5
37 8
35 8
67 3
41 6
17 8
18 3
65 9
12 4
55 3
9 1
76 8
9 3
34 3
11 5
36 7
10 7
50 7
50 9
80 1
85 3
19 3
40 5
64 7
69 3
46 7
16 6
70 4
22 7
69 1
62 2
67 8
15 6
7 4
73 9
49 2
19 7
77 8
17 7
21 2
89 4
16 8
76 1
74 9
22 6
9 5
1 8
35 9
49 6
47 5
24 2
17 7
65 2
52 4
35 3
47 6
13 2
77 9
9 9
32 3
83 1
28 9
79 2
45 9
11 7
4 5
49 6
69 1
54 7
25 9
19 3
79 5
39 4
31 8
65 6
79 7
4 1
15 5
38 8
9 7
74 7
53 4
30 3
78 3
41 2
22 3
3 5
28 5
78 2
15 3
32 3
59 7
15 1
28 1
34 1
27 5
67 6
33 3
27 4
87 4
87 3
50 2
13 4
13 4
28 7
22 6
42 9
8 4
74 2
83 9
46 2
45 5
72 3
39 2
43 9
81 9
19 5
34 6
89 6
10 2
25 1
78 7
71 5
73 4
72 7
7 1
14 6
52 3
7 4
66 2
33 9
44 4
43 5
63 8
68 6
75 7
33 3
25 7
31 9
42 9
48 2
75 9
60 5
82 4
41 6
43 6
14 3
4 7
11 6
10 6
67 8
4 2
35 7
20 6
13 3
37 5
86 7
8 7
59 8
6 6
31 3
37 3
17 5
88 3
38 5
54 5
44 8
76 8
29 2
28 9
86 4
15 9
46 8
40 1
71 2
17 8
35 6
23 9
85 9
60 6
3 6
5 3
45 3
12 3
79 6
48 3
44 8
18 7
81 3
87 4
45 6
1 2
7 9
88 6
8 7
5 5
26 9
85 5
70 1
72 4
86 1
64 7
29 2
89 2
6 3
78 9
68 1
69 1
40 1
4 7
56 3
85 3
57 6
80 9
19 9
54 2
19 4
48 6
21 8
78 5
64 7
73 8
89 1
87 4
82 1
31 3
13 2
47 3
8 4
63 1
52 8
89 8
59 2
8 4
30 3
79 7
24 1
59 2
76 4
89 8
66 5
3 1
12 5
60 1
61 7
54 3
9 6
39 6
39 9
52 1
40 4
3 4
24 8
36 5
18 3
35 7
60 5
73 2
74 4
88 1
42 8
28 6
40 2
37 2
16 6
64 6
8 7
46 9
1 2
51 3
23 5
33 7
33 7
74 2
48 3
5 1
59 4
86 3
36 4
56 9
15 8
22 3
17 4
66 5
4 4
49 1
88 7
89 8
19 9
21 5
37 9
71 4
89 3
71 9
83 5
12 8
10 7
15 9
83 6
11 8
19 8
88 4
53 4
79 4
2 8
4 1
86 2
40 5
22 5
35 9
16 6
13 8
25 7
43 9
10 3
49 4
74 8
1 2
79 1
30 9
30 9
22 6
37 2
27 1
78 5
5 8
63 9
39 7
27 6
20 5
9 6
66 2
38 3
31 7
23 6
38 1
57 4
41 7
11 7
36 7
70 9
44 3
12 1
38 1
6 2
45 4
30 5
53 5
17 3
64 3
41 8
38 8
1 5
66 4
62 6
77 9
55 3
41 3
89 6
51 5
13 8
11 9
89 5
38 9
82 3
45 9
19 2
47 6
2 2
52 5
78 9
34 4
43 5
36 7
16 4
82 3
59 8
36 3
34 5
32 8
66 5
25 2
80 2
59 2
65 8
20 1
18 1
45 9
45 6
43 3
41 1
52 9
19 7
85 7
10 3
65 4
1 1
64 4
76 8
73 5
73 3
15 5
24 7
73 7
75 3
61 5
29 8
84 5
20 7
51 9
85 6
33 7
68 8
77 6
40 8
17 2
39 6
32 2
80 6
11 8
68 6
41 4
42 8
22 5
9 4
8 9
63 2
5 1
61 1
61 6
67 1
18 5
63 3
82 8
19 6
59 7
71 4
78 9
43 3
41 8
71 4
44 6
1 2
64 8
59 4
3 4
24 3
29 2
73 7
17 8
82 2
66 6
67 4
9 8
73 9
27 9
30 1
42 3
79 3
66 8
52 5
16 9
54 4
77 2
71 4
64 5
26 9
59 1
53 8
37 7
9 5
87 8
3 8
10 7
13 5
38 5
27 7
15 5
47 3
56 8
88 5
24 4
8 4
24 2
6 3
19 6
62 1
39 7
37 1
73 3
62 8
52 4
70 6
3 6
13 1
18 2
32 2
67 1
65 6
45 8
48 2
2 5
48 8
44 8
42 5
73 4
25 8
7 3
58 1
56 1
42 7
71 8
7 1
45 5
47 4
65 3
42 7
73 7
28 5
52 4
43 6
29 4
32 2
6 2
78 2
3 3
51 2
79 9
61 5
21 2
51 4
59 7
39 3
10 3
20 7
28 9
58 3
24 3
46 2
17 2
54 4
9 2
49 7
45 4
18 3
38 8
11 2
30 1
41 6
13 7
44 1
62 6
62 6
24 8
71 9
24 2
37 4
78 3
67 1
73 4
72 6
75 5
87 9
6 9
23 5
17 1
55 6
27 8
57 2
23 9
17 6
66 6
70 3
77 1
36 8
4 4
1 1
28 2
56 6
65 5
40 5
26 1
38 5
27 4
57 3
84 6
4 5
35 8
38 3
44 8
38 6
82 3
20 8
24 6
74 6
82 3
80 2
58 1
85 5
89 8
81 4
52 8
20 9
5 5
52 7
4 5
32 8
42 3
82 9
2 7
43 6
29 6
27 9
17 5
43 7
82 5
56 1
83 6
65 5
73 8
77 7
36 9
68 5
3 4
79 1
23 7
19 9
51 1
54 3
63 2
26 9
64 4
53 4
15 7
80 2
12 2
17 7
51 7
67 6
53 5
61 9
36 2
36 8
31 5
6 4
74 6
69 8
44 1
25 8
36 9
53 8
43 7
30 1
6 8
23 4
66 2
57 1
50 8
71 4
37 8
66 6
76 9
5 9
2 9
35 3
50 4
3 9
26 5
34 5
55 5
30 2
36 5
53 4
23 4
88 1
63 9
45 4
14 8
65 1
15 5
47 1
10 5
34 3
85 3
17 5
26 3
53 3
27 3
24 8
35 4
11 8
31 4
85 2
61 1
31 4
40 7
34 6
50 1
85 8
58 6
63 9
30 5
45 2
3 6
17 5
33 2
8 9
33 2
80 7
81 7
60 2
38 1
65 2
12 6
36 1
29 1
17 9
68 6
79 4
40 6
73 7
51 8
31 5
45 4
28 5
44 9
5 8
19 1
11 6
57 3
44 9
48 9
33 3
5 1
14 2
47 8
74 2
3 4
61 5
38 2
23 4
11 3
61 5
26 8
58 5
68 7
66 1
75 7
73 8
41 5
50 8
24 1
69 2
2 4
89 1
85 6
73 3
67 3
17 8
75 3
37 3
37 9
2 6
37 4
8 3
51 3
83 8
54 9
21 3
59 4
74 6
55 8
83 4
14 6
3 6
20 7
30 7
17 5
62 4
53 9
11 9
31 7
61 2
33 5
67 7
56 5
64 9
19 8
2 4
35 5
43 4
58 6
78 8
43 8
28 7
19 2
39 5
51 4
6 2
57 6
80 3
34 8
79 2
18 8
78 7
1 8
65 1
33 6
15 1
40 7
66 1
17 2
65 2
42 6
15 2
39 6
42 9
60 9
14 7
41 9
49 5
34 4
25 9
18 7
60 5
11 3
38 5
67 6
6 2
30 3
46 7
77 8
33 1
70 6
5 3
21 7
30 7
43 9
38 8
77 4
25 3
56 2
61 5
11 8
33 2
27 1
2 4
41 3
11 7
72 3
7 3
59 2
7.57826164655 256195.311001 7
280
19 1
31 2
7 9
44 3
74 3
30 8
56 1
77 2
55 7
58 6
61 5
9 2
55 7
32 6
51 2
57 3
19 4
19 9
35 1
80 6
23 6
40 6
51 4
28 4
11 9
25 6
57 8
7 2
80 3
52 5
41 1
32 7
6 3
37 4
32 9
5 7
37 4
61 5
23 5
76 7
4 1
1 5
66 9
1 6
21 9
38 3
45 1
34 8
64 1
55 2
61 7
73 9
7 6
89 2
76 2
23 1
81 9
20 4
47 9
49 2
58 9
79 6
78 9
43 8
15 3
49 6
56 5
61 4
23 7
62 7
63 7
74 4
77 1
25 1
40 4
48 4
57 9
13 1
42 9
31 3
65 9
60 3
80 8
72 2
46 2
18 7
19 7
8 5
25 1
57 2
61 3
23 8
42 5
70 9
88 2
13 4
45 4
33 5
85 6
55 1
15 1
52 1
84 2
2 2
5 6
2 8
9 3
35 7
41 4
84 5
60 7
86 9
84 7
3 8
47 5
10 1
4 4
89 8
27 8
89 5
53 1
45 6
69 8
72 9
18 4
70 4
12 3
72 4
87 1
67 5
5 8
69 2
70 4
20 2
64 5
68 9
43 3
39 3
29 1
32 8
79 5
87 2
66 5
86 7
46 5
17 6
42 6
54 5
7 8
73 2
78 7
57 3
1 2
74 1
37 2
33 4
57 7
40 2
62 5
33 4
69 9
15 6
58 1
72 7
8 2
37 1
70 4
33 3
81 4
69 4
43 6
21 8
89 4
75 2
6 5
56 7
25 6
46 6
61 7
48 3
48 5
38 4
44 6
50 5
50 3
56 3
17 9
21 8
28 3
43 3
29 2
9 6
66 7
64 6
15 3
29 2
18 3
3 5
37 4
3 5
46 6
15 2
79 4
79 7
55 6
1 8
24 7
3 6
47 8
62 5
37 4
30 3
55 4
44 2
28 5
82 7
84 1
28 4
2 1
6 2
21 2
25 9
5 6
3 8
8 5
11 7
53 4
50 8
82 2
41 1
67 6
76 6
24 7
76 6
12 3
85 3
72 4
41 3
78 7
31 5
63 1
47 5
7 2
35 4
57 5
3 6
66 6
38 3
11 8
47 6
45 9
3 3
29 1
36 8
22 6
57 7
53 8
62 5
27 6
86 5
18 7
53 5
2 2
85 4
19 3
7 6
11 8
22 4
77 1
8 4
13 7
64 1
13 4
37 4
33 6
59 8
78 3
57 7
59 6
24 8
9.0144885648 116489.596499 2
495
29 1
30 8
59 2
52 3
61 9
61 3
37 3
5 6
65 1
29 5
17 6
83 4
41 5
39 9
47 7
58 3
54 7
33 5
7 5
59 8
61 3
29 5
47 5
46 3
7 2
34 7
58 9
9 4
23 5
34 8
26 2
31 2
83 2
68 6
15 1
26 8
75 9
40 2
88 7
33 9
34 3
15 5
31 8
56 9
80 2
71 2
22 7
14 6
80 7
6 7
22 1
74 9
43 4
57 5
77 3
32 9
8 5
66 3
63 1
48 6
56 4
46 5
40 2
54 4
8 7
26 2
32 8
41 7
6 9
39 2
31 5
54 6
4 7
3 3
38 3
23 9
1 2
65 3
75 9
60 7
49 8
72 1
36 7
39 2
39 8
26 7
79 4
26 3
40 1
45 9
12 5
67 3
9 1
23 1
73 2
11 2
85 6
72 1
16 7
61 7
79 1
31 4
87 3
16 2
1 6
69 8
39 5
8 9
61 8
86 3
38 3
54 2
59 6
80 6
36 6
43 3
47 1
19 6
46 5
32 5
73 9
31 5
62 5
39 9
87 5
45 5
63 2
3 4
46 1
12 5
27 9
51 8
77 1
22 6
40 6
38 4
45 8
37 1
28 9
58 7
62 4
14 5
57 2
37 1
68 7
39 6
1 6
64 2
63 7
84 3
12 1
83 5
60 4
46 6
42 6
14 1
9 6
45 3
60 9
20 4
63 5
2 6
76 5
65 3
44 8
14 7
84 3
84 9
77 5
53 5
53 1
48 1
8 5
44 4
64 5
18 1
51 2
1 4
7 1
40 3
74 9
39 1
80 8
25 8
7 6
72 4
16 8
62 5
64 5
45 1
18 2
37 4
31 9
38 1
48 5
66 1
80 6
14 6
11 2
48 2
85 2
63 5
12 1
45 5
64 2
15 3
4 7
20 4
52 8
26 7
74 2
71 2
1 8
85 8
63 8
47 8
83 3
2 2
9 7
63 3
34 1
56 6
45 8
39 3
64 9
82 7
26 7
64 2
49 2
54 3
21 9
72 3
88 9
29 7
65 7
22 5
88 7
11 2
12 1
21 1
53 5
59 6
52 8
82 1
19 4
66 1
61 1
10 5
11 9
22 5
77 3
37 5
18 5
83 9
8 7
49 5
63 6
1 6
52 9
71 9
71 3
81 6
49 8
43 8
31 4
40 2
49 2
89 9
85 5
58 2
14 8
32 2
69 3
43 7
15 8
12 3
76 2
48 4
54 3
65 5
88 9
35 6
72 6
57 9
22 5
25 2
59 6
35 2
2 8
27 6
15 9
1 3
55 4
31 9
32 6
43 6
59 9
47 8
52 5
23 2
78 8
88 4
24 3
39 6
13 1
48 1
18 9
48 4
73 4
88 9
33 7
71 1
57 1
20 6
35 3
39 8
74 2
6 8
41 8
57 3
69 1
78 9
57 4
63 7
32 5
21 7
37 9
12 9
4 8
66 6
57 6
76 5
83 5
30 6
18 9
67 5
24 3
60 8
82 9
74 2
23 1
62 9
2 6
63 3
13 3
27 8
33 7
55 9
50 9
73 1
27 8
49 1
13 2
48 3
35 1
66 8
77 3
56 9
30 3
16 3
37 2
22 2
25 9
64 9
39 5
46 6
38 6
80 6
17 4
71 8
80 8
40 3
71 8
61 9
39 4
73 6
17 4
48 5
43 9
40 5
5 3
58 2
59 7
59 7
1 8
22 3
57 6
29 9
31 4
57 8
1 8
82 9
54 6
34 5
18 3
24 4
6 9
35 6
28 7
86 2
17 6
80 7
56 3
50 3
11 6
84 1
78 5
61 9
88 1
74 9
10 5
26 3
73 3
80 9
86 3
70 9
86 8
76 5
87 3
25 5
8 9
77 5
59 3
58 1
70 7
14 9
53 6
13 4
39 7
48 1
28 4
24 3
43 3
22 1
29 4
72 8
75 8
2 5
43 6
7 8
41 7
49 4
25 9
51 9
26 5
48 9
58 2
23 6
75 2
59 7
41 8
9 9
49 8
26 4
2 8
38 6
25 3
1 6
5 1
50 4
33 5
42 1
2 5
24 1
73 9
73 4
63 6
27 2
80 3
2 2
13 3
29 4
69 5
42 4
81 5
23 3
52 1
30 9
49 4
3 8
31 5
41 7
77 6
68 9
18 4
57 1
88 9
22 8
6 5
12 8
53 9
6 1
34 1
11 1
62 9
8.54619697644 236293.548206 16
374
66 4
82 4
42 2
2 8
58 5
63 2
3 6
81 3
4 4
48 8
55 4
39 7
53 4
2 1
82 2
1 2
63 9
31 6
13 8
66 2
53 2
3 2
89 5
30 3
24 7
64 3
40 4
67 2
48 3
27 9
74 7
53 4
59 9
48 3
39 8
63 8
81 7
62 8
10 2
82 5
45 1
63 5
24 3
4 8
76 1
25 7
86 5
76 1
36 7
9 2
80 5
89 9
31 9
43 6
2 2
38 9
10 5
12 2
31 2
35 8
48 2
2 3
35 9
38 9
27 5
41 8
80 2
68 9
38 9
48 9
26 8
29 7
23 3
88 8
57 2
89 2
4 7
3 6
71 6
25 5
3 2
60 6
7 6
30 7
5 4
18 8
35 6
71 6
56 9
19 8
16 2
27 8
59 2
4 4
34 2
18 6
8 3
85 4
61 1
71 1
65 8
81 5
8 1
53 1
35 8
50 7
66 7
26 6
53 9
51 6
62 2
55 8
1 2
11 9
89 8
56 7
21 7
61 6
88 8
60 6
39 4
78 8
4 7
38 8
76 9
14 7
54 3
46 7
78 4
39 3
66 8
9 6
80 5
50 2
3 9
38 1
26 8
12 7
89 6
34 9
25 3
36 4
54 2
78 2
10 5
86 8
44 5
71 2
83 3
21 7
34 3
88 7
83 9
64 5
84 4
86 3
76 8
78 8
89 3
68 2
62 8
55 7
77 2
87 5
2 3
3 1
61 7
23 8
38 9
54 2
3 1
73 1
3 4
6 8
7 8
8 3
34 4
25 6
73 7
73 3
89 6
72 9
6 4
45 2
44 1
11 8
33 4
30 4
78 9
40 6
52 6
4 9
11 8
17 1
19 6
58 7
5 1
66 9
54 8
4 3
76 8
71 5
49 9
17 3
42 7
20 2
21 7
29 9
18 9
11 2
78 7
56 6
69 7
14 1
57 5
48 6
69 8
71 3
64 4
51 3
55 7
21 4
33 6
35 1
71 3
28 6
57 8
20 8
7 1
72 1
32 8
64 7
40 7
73 1
36 3
14 7
51 1
42 8
44 1
50 9
47 7
15 8
13 4
87 7
80 9
5 9
56 4
88 8
56 5
13 1
54 8
52 7
53 9
74 8
40 6
11 2
24 2
42 2
84 3
39 5
62 4
11 1
5 8
66 1
19 1
51 1
71 3
6 9
56 1
84 9
51 3
88 5
26 3
11 4
58 6
63 7
78 9
71 1
72 3
22 9
55 4
76 9
32 5
44 5
72 1
75 3
75 8
14 3
25 4
76 7
66 8
18 5
20 1
19 3
15 7
58 8
83 3
68 5
79 2
52 8
25 1
17 2
69 5
87 4
68 9
6 5
85 5
2 2
37 9
20 7
45 8
74 4
87 1
57 2
63 2
35 6
29 3
56 6
28 3
20 3
70 1
46 7
46 6
69 1
36 6
59 4
55 9
69 4
25 9
24 7
31 1
45 8
7 9
86 7
48 7
44 5
19 8
76 7
40 8
29 3
43 9
35 6
53 4
66 4
73 9
80 7
80 3
29 8
50 9
56 1
49 7
86 8
66 1
26 9
43 7
7 9
61 8
56 9
87 4
46 5
25 2
28 2
67 4
86 9
66 9
44 2
50 6
60 5
12 5
8 9
12 1
67 4
84 2
83 6
5.19998628387 189941.718427 42
71
70 1
21 7
7 3
60 2
37 2
18 5
37 8
44 6
6 9
1 3
83 2
77 5
40 6
58 1
26 7
76 4
25 4
47 1
31 7
6 5
26 1
14 7
33 5
2 2
82 1
38 9
14 6
27 7
72 2
87 8
29 6
4 7
31 5
62 5
44 3
16 3
5 8
37 6
54 5
49 3
86 6
4 7
9 6
20 1
48 2
59 6
5 4
14 9
21 4
5 1
56 8
65 7
37 8
37 7
73 7
38 4
77 2
7 3
9 3
80 2
52 4
7 6
75 3
76 5
28 2
52 8
62 5
58 3
46 6
84 1
59 8
8.78524717217 189531.451916 1
442
43 4
49 4
39 9
61 1
89 1
64 8
88 5
56 6
76 7
83 1
31 7
41 3
37 9
52 4
47 1
21 2
58 3
30 2
6 2
32 9
29 9
50 5
54 2
86 7
9 4
10 4
74 1
46 2
85 2
20 1
19 4
27 1
39 1
12 2
8 7
70 5
26 3
83 7
73 6
46 3
71 8
45 9
63 5
17 2
8 7
21 3
14 4
67 9
22 6
64 8
65 2
23 1
9 3
43 3
55 7
78 9
21 6
14 5
50 7
40 5
61 4
72 5
36 3
58 1
4 5
75 5
46 9
75 2
53 4
76 8
37 1
9 9
75 8
65 5
37 8
15 2
58 1
51 2
68 1
10 1
53 7
79 6
27 3
68 1
81 9
31 6
51 7
15 1
1 3
1 1
6 9
89 2
60 4
18 8
56 8
24 6
76 4
60 4
89 4
6 9
65 1
77 6
5 6
72 1
79 2
50 6
45 8
71 9
58 8
48 6
38 7
17 8
59 1
56 6
53 4
67 8
32 3
41 9
69 5
1 8
75 3
60 2
81 9
47 2
36 4
18 7
14 2
35 4
2 8
82 6
17 5
54 6
9 3
89 7
55 9
9 1
63 7
64 1
54 3
70 5
76 2
61 9
67 6
61 5
13 3
30 1
36 2
64 1
2 6
41 2
7 6
81 9
65 2
81 5
15 5
22 8
68 6
37 3
1 7
8 8
88 2
31 2
45 8
33 7
16 2
30 9
43 3
22 8
4 8
43 6
76 8
59 1
19 8
19 3
4 9
81 4
1 7
68 7
11 6
8 6
48 8
3 8
67 4
48 2
27 1
55 4
16 6
72 7
28 5
10 5
64 9
60 1
69 4
14 1
86 2
65 1
3 7
45 5
83 4
60 6
52 4
12 7
72 5
60 1
70 9
74 5
38 3
2 8
43 7
25 3
51 4
77 2
1 5
82 6
14 2
2 7
58 8
63 1
31 9
67 6
85 7
86 2
22 9
63 5
39 6
60 3
45 3
84 4
28 5
24 9
77 5
64 7
20 1
60 7
85 5
10 3
20 9
47 3
9 1
3 8
14 2
64 2
54 5
40 8
25 2
7 7
42 4
79 7
42 4
89 7
49 2
79 4
72 7
20 3
72 2
69 7
2 8
49 7
87 3
73 9
30 3
29 9
45 7
19 9
42 3
10 6
14 2
1 4
45 7
23 5
88 6
63 4
56 9
68 6
61 4
47 7
22 5
39 9
31 2
69 9
51 5
11 5
63 1
26 4
38 2
12 7
45 3
76 8
38 3
50 3
11 1
31 4
75 1
42 6
34 8
12 4
9 5
83 5
6 2
3 2
54 7
7 2
56 8
45 5
17 4
43 7
45 2
37 7
57 3
66 5
17 6
37 2
64 3
39 7
31 4
8 7
33 8
25 1
39 2
54 6
26 2
89 1
8 8
19 3
68 7
31 6
62 4
15 7
54 7
31 4
64 3
81 4
14 3
29 4
67 6
2 6
66 4
56 1
43 8
44 4
8 3
41 7
70 7
71 3
67 6
28 4
52 1
35 5
36 1
40 3
28 3
62 5
5 8
2 8
27 5
13 5
8 3
10 6
55 1
83 8
16 4
80 8
18 7
73 9
72 9
10 7
35 8
42 7
74 8
14 2
82 5
72 5
38 2
2 1
41 5
49 5
12 7
61 3
32 8
59 2
42 6
51 5
86 8
84 8
2 7
12 4
46 6
62 5
88 7
83 1
3 3
87 9
42 9
83 5
78 4
16 3
82 8
27 4
48 8
9 5
49 3
61 9
2 8
13 8
77 8
4 2
51 9
15 6
55 8
61 9
28 5
35 1
36 6
41 1
13 8
41 2
28 7
64 4
1 1
10 2
34 5
54 7
28 3
9 5
76 5
65 2
69 4
37 8
39 8
81 7
68 2
3 7
65 6
26 3
82 4
23 3
55 1
37 6
15 8
88 3
51 9
86 6
2.56772452684 247092.863948 8
789
22 7
15 1
64 9
69 6
11 2
34 5
59 4
32 4
6 3
41 6
85 6
19 5
89 6
52 6
61 3
34 3
89 5
14 7
78 9
70 5
40 8
69 2
35 2
5 1
55 2
66 8
75 9
27 6
83 9
3 8
48 9
48 5
34 8
2 8
12 1
58 3
56 4
80 4
19 5
76 4
71 5
34 4
26 8
69 2
78 6
52 9
87 5
18 5
24 1
55 6
21 5
4 7
37 3
64 5
37 4
3 2
24 5
51 7
28 1
28 4
68 5
69 1
77 8
70 4
22 3
20 5
11 5
88 9
59 6
30 7
60 1
44 5
2 3
13 4
36 3
13 4
32 3
28 9
64 8
88 2
75 5
44 3
74 2
27 6
40 1
82 3
2 3
11 1
19 2
1 5
81 7
54 3
52 8
41 7
28 1
9 8
32 1
74 8
48 4
59 7
78 6
54 1
33 7
50 8
65 8
14 3
82 5
12 6
37 6
77 1
6 7
11 2
82 4
8 3
1 9
61 2
33 3
59 2
34 5
31 8
72 3
78 2
80 8
74 7
49 6
70 4
71 1
74 7
1 4
81 3
48 3
57 7
37 7
89 7
31 4
85 4
11 6
72 1
80 5
52 6
38 2
84 4
25 2
68 4
47 1
82 1
66 9
3 7
67 7
73 4
66 4
18 7
68 5
63 2
18 6
73 7
27 9
4 2
59 7
67 6
34 4
26 8
86 5
44 4
76 4
38 9
7 8
83 1
67 4
4 8
24 5
33 3
20 3
80 5
78 1
34 2
17 2
65 5
15 6
26 8
41 4
22 5
1 1
74 7
17 6
25 1
4 2
21 8
69 8
52 8
25 8
83 3
69 9
50 4
44 5
19 8
15 8
62 6
1 5
38 3
28 2
81 3
20 8
89 8
49 9
67 9
8 9
74 3
45 8
30 4
49 7
14 5
88 5
6 6
29 1
44 3
71 8
1 5
59 5
21 4
35 3
47 2
7 5
6 4
74 5
32 6
88 1
71 2
40 5
71 1
68 1
70 7
3 1
76 1
48 9
12 5
43 1
10 2
68 7
29 2
64 7
28 7
53 6
23 1
2 4
50 6
67 4
56 5
48 5
82 8
25 4
25 7
71 3
43 5
64 1
9 3
14 9
47 4
19 9
76 5
38 7
76 2
29 6
1 7
68 5
71 6
39 9
87 2
88 9
85 9
79 8
84 4
42 5
24 8
77 1
32 2
54 6
53 6
9 3
20 3
18 4
10 4
79 7
87 9
77 4
48 5
88 5
14 2
37 7
8 8
73 5
66 3
63 9
35 3
16 2
49 3
28 2
78 1
12 1
88 1
28 4
17 4
79 8
87 8
31 6
23 3
33 5
15 8
56 2
50 1
17 1
68 3
62 4
49 6
60 4
2 6
65 3
87 3
55 5
18 8
52 5
7 4
5 8
44 5
84 1
73 1
32 8
69 2
82 2
52 9
85 1
73 9
81 8
7 8
13 5
61 9
48 3
14 9
51 9
36 7
51 6
19 7
36 2
12 7
43 2
53 3
77 4
75 5
22 4
87 3
64 3
17 2
53 2
63 3
56 3
45 1
32 7
73 7
37 6
46 8
71 2
41 5
19 9
57 4
83 1
1 2
51 9
70 4
9 4
22 1
70 5
25 2
63 4
29 2
8 6
44 9
17 4
1 1
49 7
74 4
54 3
81 7
88 5
57 1
7 6
62 2
55 2
36 9
70 9
53 3
20 6
80 7
6 9
7 1
1 7
40 6
79 9
79 7
40 8
67 4
70 7
86 7
33 9
36 9
66 8
1 9
8 8
3 8
79 7
19 6
50 4
75 6
15 4
38 5
51 1
3 6
17 7
75 9
1 2
73 5
65 2
61 8
75 4
71 7
83 8
71 6
7 2
19 1
59 6
43 6
48 7
46 9
29 3
46 2
79 8
85 4
41 3
76 1
52 4
54 6
66 1
78 9
34 7
66 9
41 7
48 2
46 7
16 3
79 8
64 3
72 7
12 1
60 7
30 8
22 2
51 4
46 6
80 3
74 6
4 7
72 6
79 3
42 1
22 2
16 8
9 6
32 7
76 2
19 2
48 1
26 9
54 5
79 3
62 4
80 8
33 3
29 6
29 6
85 5
57 8
37 2
43 9
24 1
17 2
83 4
58 7
45 7
50 2
62 2
56 7
88 6
76 9
72 8
19 2
28 4
82 7
10 3
31 8
5 9
29 5
57 2
18 2
11 7
12 2
79 6
50 2
42 7
4 4
65 4
3 4
61 1
67 2
38 5
19 5
11 9
89 3
33 2
61 7
71 8
45 3
9 5
27 3
40 6
14 1
27 9
12 9
46 1
24 8
17 5
12 5
36 8
10 8
61 1
47 3
13 5
21 3
68 3
81 4
82 6
37 9
59 3
29 5
27 7
5 5
22 2
21 7
62 9
38 6
63 5
87 9
51 6
88 5
51 5
83 1
3 6
59 9
36 2
10 8
10 7
86 2
37 5
82 3
78 1
61 4
12 5
89 9
65 6
61 2
87 9
24 2
33 3
32 9
62 2
32 5
11 8
53 5
52 6
25 5
31 8
40 8
29 5
80 8
3 6
65 5
58 6
32 2
45 6
16 2
82 6
1 4
37 5
57 5
68 8
89 6
64 3
2 3
65 9
84 7
46 7
27 4
45 4
17 9
80 9
32 1
6 8
43 9
21 4
65 4
52 7
30 6
33 6
2 7
1 9
11 7
8 8
75 6
28 4
85 2
67 7
57 9
45 9
63 1
38 1
38 2
9 7
6 5
85 4
34 2
21 2
36 8
43 8
65 9
18 9
76 1
74 1
14 7
22 9
81 1
78 1
9 9
17 8
45 6
16 9
75 9
64 3
10 2
43 7
84 4
50 2
18 4
61 8
33 4
39 2
8 4
38 6
55 7
26 1
1 1
27 8
6 8
4 7
26 2
17 5
5 1
4 9
80 5
45 8
9 1
31 8
33 9
48 3
81 4
72 1
35 5
41 2
28 5
29 1
64 5
75 5
64 6
2 1
80 2
59 3
6 5
71 8
21 1
70 4
53 1
65 5
35 3
21 4
49 9
34 8
66 8
13 2
47 7
56 1
66 8
18 9
64 5
80 8
18 7
56 5
89 2
80 9
14 9
40 8
62 5
80 4
38 9
72 6
9 5
61 5
50 5
63 2
79 5
53 1
39 2
10 7
67 2
87 1
4 6
22 7
30 9
48 8
12 9
88 7
47 7
25 3
61 5
70 5
59 5
82 7
15 9
37 9
78 1
50 7
79 8
2 4
79 7
77 7
38 6
27 5
17 8
4 9
2 6
44 9
61 5
29 3
32 9
75 8
1 5
50 1
88 9
58 1
77 6
49 7
65 9
74 5
62 1
38 4
24 3
71 3
61 6
32 6
32 5
29 3
30 6
12 5
71 4
51 2
89 1
51 5
76 4
46 7
18 2
30 4
8 1
8 2
67 7
86 6
34 9
40 4
68 3
65 9
54 4
74 3
55 2
89 4
4.26736844441 63101.0120977 20
330
75 4
48 4
4 1
20 8
44 5
20 4
68 3
80 9
7 2
41 8
5 3
68 4
48 6
16 3
53 5
87 8
54 5
13 2
16 3
33 7
46 1
76 2
43 8
12 7
12 4
70 4
53 7
83 3
53 1
54 7
53 6
60 3
39 5
15 6
64 4
62 8
48 3
16 9
53 2
86 7
64 4
43 1
44 6
20 7
42 7
85 7
12 8
75 7
30 3
47 7
58 7
31 8
8 5
31 9
85 3
3 3
1 1
88 9
44 5
55 1
44 4
7 6
33 7
62 4
74 1
36 8
80 5
66 4
12 1
34 4
48 9
19 8
31 3
54 5
43 4
82 3
72 8
6 1
83 4
53 2
31 5
74 7
74 4
18 4
8 3
20 5
89 9
59 1
43 2
86 7
46 9
31 4
51 9
51 1
15 8
22 2
50 5
28 1
16 9
81 6
58 1
83 2
51 2
37 4
86 9
23 2
11 5
71 3
27 7
13 6
89 3
78 4
33 6
54 1
62 9
68 4
22 9
64 2
58 3
16 1
55 1
82 7
7 1
51 2
85 9
22 5
26 8
59 6
89 1
6 4
29 5
27 9
86 5
56 4
14 4
10 3
5 1
24 7
33 1
7 3
78 9
48 7
15 5
2 6
40 9
70 2
55 4
34 4
21 4
3 4
44 2
7 4
12 5
54 5
27 8
37 6
22 3
80 9
4 8
54 9
38 7
35 4
81 1
15 7
45 5
58 1
38 2
23 7
86 5
80 8
12 4
46 7
71 5
10 7
80 1
43 3
1 3
32 9
20 7
53 7
16 2
9 8
77 3
4 5
11 6
31 3
85 2
25 6
18 4
42 2
68 5
16 1
50 7
41 6
84 4
35 5
37 4
57 8
32 8
67 4
8 7
46 7
58 1
30 9
67 8
3 2
10 6
23 7
77 8
55 8
73 3
13 4
32 8
42 5
58 9
63 6
19 5
64 1
43 6
74 7
37 7
55 3
32 7
64 4
51 6
43 5
66 4
69 9
23 5
3 9
36 5
58 7
82 7
45 4
66 2
61 3
73 8
55 8
84 4
55 8
77 5
46 6
47 7
9 9
59 7
21 1
55 9
15 7
73 3
60 2
29 9
87 4
63 7
66 8
33 8
66 4
63 4
88 8
84 1
54 5
80 5
60 8
37 6
24 2
45 1
29 1
49 2
81 6
82 6
34 7
55 9
7 5
35 6
36 7
25 3
78 3
64 5
32 6
25 6
72 8
27 4
56 7
26 5
54 5
62 5
16 1
25 7
22 9
89 7
24 9
42 8
23 5
56 7
48 4
66 6
76 4
80 6
43 4
78 6
21 1
28 2
42 1
66 9
85 8
8 6
26 5
70 7
12 7
50 6
8 5
54 1
74 4
50 2
76 3
62 5
28 4
60 1
63 8
33 6
17 6
65 8
38 5
78 4
72 8
41 3
30 4
3 3
36 6
41 8
72 4
1.23406953043 60799.3308639 47
8
89 6
33 1
40 5
74 9
46 4
64 9
22 2
47 2
0.674037266457 269633.757131 36
6
23 7
89 8
83 6
65 8
8 5
29 6
4.45364943467 276646.677079 4
4
20 7
22 4
85 2
22 4
9.7396313677 277193.228539 12
5
61 7
26 7
30 6
43 3
5 5
7.49875696551 93524.829855 10
8
9 3
34 1
54 8
41 3
25 8
63 4
9 9
14 4
3.90402261121 189359.872866 6
4
5 2
85 9
18 4
42 4
2.17833910584 142316.667692 17
8
5 8
56 3
49 8
64 6
32 7
60 5
72 3
40 9
8.76728320437 171916.651021 45
2
15 3
59 9
0.285082122002 198803.366314 36
6
70 6
32 2
32 5
75 2
1 3
54 4
7.38415117849 19306.0222136 3
2
85 6
23 2
8.69501203732 217011.315408 19
5
64 1
5 1
46 6
52 3
68 7
6.17290403937 39393.2947012 20
6
30 8
24 3
40 5
18 9
6 2
17 4
1.10873895821 155369.681923 17
4
27 6
63 3
42 6
47 9
8.80982703036 17356.4669348 15
6
28 2
24 3
40 6
18 5
76 2
60 5
7.56863106875 247375.75694 46
3
4 4
9 6
85 6
7.7062069372 161523.194583 20
2
68 9
39 6
5.17150076666 177858.068755 41
8
80 9
25 3
27 4
5 3
58 5
26 7
43 8
33 5
6.61998733395 252657.37899 37
3
62 6
77 1
61 8
7.4994062336 242784.660894 46
4
76 1
67 1
75 3
24 7
3.00420045367 166257.103619 45
4
52 9
66 6
70 9
82 1
